Sample	0	1	2	3	4	5	6	7	8	9	10	11	12	13	14	15	16	17	18	19	20	21	22	23	24	25	26	27	28	29	30	31	32	33	34	35	36	37	38	39	40	41	42	43	44	45	46	47	48	49	50	51	52	53	54	55	56	57	58	59	60	61	62	63	64	65	66	67
DRR898354_1	(1, 0.013936469467271041)	(2, 0.013936469467271041)	(3, 0.013936469467271041)	(4, 0.014232990094234255)	(5, 0.014331830303221993)	(6, 0.01403530967625878)	(7, 0.01403530967625878)	(8, 0.013936469467271041)	(9, 0.013936469467271041)	(10, 0.01403530967625878)	(15, 0.013936469467271041)	(20, 0.013936469467271041)	(25, 0.013936469467271041)	(30, 0.013936469467271041)	(35, 0.0027877512930420895)	(40, 0.0)	(45, 0.0)	(50, 0.0)	(55, 0.002758923468062762)	(60, 0.03517725134408602)	(65, 0.004258540933791563)	(70, 0.011420292609570205)	(75, 0.01641457554696623)	(80, 0.0010472648061425572)	(85, 0.0007847982339797454)	(90, 2.3096747192705864e-05)	(95, 0.0)	(100, 0.0)	(105, 0.0025500140633275595)	(110, 0.010437555540346964)	(115, 0.0)	(120, 0.006426963672014413)	(125, 0.007649032840339878)	(130, 0.0)	(135, 0.0033815480407916776)	(140, 0.0010949744323470048)	(145, 0.0)	(150, 0.0015833979287715638)	(155, 0.0008632813775568611)	(160, 0.004627641530337524)	(165, 0.0)	(170, 0.0)	(175, 0.0)	(180, 0.0)	(185, 0.0)	(190, 0.0)	(195, 0.0)	(200, 0.0)	(205, 0.0)	(210, 0.0)	(215, 0.0)	(220, 0.0)	(225, 0.0)	(230, 0.0)	(235, 0.00010361083769362274)	(240, 0.03804951317700123)	(245, 0.01982949013275072)	(250, 0.0)	(255, 0.0018980554421994668)	(260, 0.000867088360639391)	(265, 0.00015378984310360206)	(270, 0.000816555832821625)	(275, 0.0)	(280, 0.001824321489230118)	(285, 0.006327014626907451)	(290, 0.0)	(295, 0.003123906632678563)	(300, 0.004788240082357729)
DRR898354_2	(1, 0.19995374278219372)	(2, 0.012750386959418188)	(3, 0.012750386959418188)	(4, 0.012750386959418188)	(5, 0.012750386959418188)	(6, 0.012750386959418188)	(7, 0.012750386959418188)	(8, 0.012750386959418188)	(9, 0.012750386959418188)	(10, 0.016348170566571844)	(15, 0.013481804505927446)	(20, 0.01288876325200102)	(25, 0.013007371502786306)	(30, 0.014608582888387659)	(35, 0.004389182918011842)	(40, 0.0016218809942842541)	(45, 0.0007129709618810075)	(50, 5.960427529545839e-05)	(55, 0.0025588040150033874)	(60, 0.004260188058026588)	(65, 0.00010234199419516208)	(70, 0.006457924331459008)	(75, 0.0026810433003387688)	(80, 0.002441718149857835)	(85, 0.0110872616770704)	(90, 0.0001844992068840344)	(95, 0.0004043945796853572)	(100, 0.0023836273795727557)	(105, 0.0014491394018715253)	(110, 0.001289940438974629)	(115, 0.0004364289420035034)	(120, 0.00028279743219931567)	(125, 0.000293339606889726)	(130, 0.0006999625672192314)	(135, 0.00022115044991479388)	(140, 0.0002295800816321176)	(145, 0.00020434700573738275)	(150, 0.0001769912757460359)	(155, 0.0001840489216757728)	(160, 0.00019161206680822965)	(165, 0.00027967971079519735)	(170, 0.0020028824817049204)	(175, 0.0011355968107200339)	(180, 0.0001833374660653809)	(185, 4.818522400106008e-05)	(190, 0.011509737897409193)	(195, 0.0055991967019131655)	(200, 0.002968234846741074)	(205, 0.001526175375160322)	(210, 0.0012265634390876332)	(215, 0.0008296790227146969)	(220, 0.00171777033410633)	(225, 0.0015647248431363346)	(230, 0.0011844865703609408)	(235, 0.05293870110000377)	(240, 0.00035914741277386786)	(245, 0.8692754830414864)	(250, 0.6658846159450913)	(255, 1.373995545103088)	(260, 0.9781577355600649)	(265, 4.33810335944856)	(270, 6.729335329645535)	(275, 4.3982971810222935)	(280, 7.447020492102509)	(285, 16.973281759528053)	(290, 21.294097857942305)	(295, 13.87138908854792)	(300, 18.569666957720923)
DRR898355_1	(1, 0.0)	(2, 0.016668502977125712)	(3, 0.008396249108562792)	(4, 0.0007085442285706998)	(5, 0.0)	(6, 0.0010451027371417823)	(7, 0.0)	(8, 0.0)	(9, 0.0)	(10, 0.0)	(15, 0.0)	(20, 0.0)	(25, 0.0)	(30, 3.5427211428534986e-06)	(35, 0.0)	(40, 0.0)	(45, 0.0)	(50, 0.0)	(55, 0.015619857518841075)	(60, 0.0)	(65, 0.0)	(70, 0.0)	(75, 0.0)	(80, 0.0)	(85, 0.0)	(90, 0.0)	(95, 0.03249383832225229)	(100, 0.0)	(105, 0.0)	(110, 0.0)	(115, 0.0)	(120, 0.0)	(125, 0.0)	(130, 0.0)	(135, 0.0)	(140, 0.0)	(145, 0.0)	(150, 0.0)																														
DRR898355_2	(1, 0.1238712447598726)	(2, 0.011974397462844826)	(3, 0.0)	(4, 3.542721142853499e-05)	(5, 0.0)	(6, 0.0)	(7, 0.0)	(8, 0.0)	(9, 0.0)	(10, 9.919619199989797e-05)	(15, 0.0)	(20, 3.5427211428534986e-06)	(25, 0.0)	(30, 2.834176914282799e-05)	(35, 7.085442285706997e-06)	(40, 0.0)	(45, 0.0)	(50, 0.0)	(55, 0.0)	(60, 0.0)	(65, 0.0)	(70, 1.4170884571413994e-05)	(75, 3.5427211428534986e-06)	(80, 0.017012146927982502)	(85, 0.0)	(90, 0.016891694409125482)	(95, 0.0)	(100, 0.0)	(105, 0.0)	(110, 0.01749395700341058)	(115, 0.0)	(120, 3.8969932571388486e-05)	(125, 0.0)	(130, 0.01694837794741114)	(135, 0.0)	(140, 0.0)	(145, 0.0)	(150, 0.0)																														
DRR898359_1	(1, 0.0)	(2, 0.01693995503733968)	(3, 0.00878580718885753)	(4, 0.0009762007987619477)	(5, 0.0)	(6, 0.0009762007987619477)	(7, 0.0)	(8, 0.0)	(9, 0.0)	(10, 0.0)	(15, 0.0)	(20, 0.0)	(25, 1.1484715279552326e-05)	(30, 0.0)	(35, 0.0)	(40, 0.0)	(45, 0.0)	(50, 0.0)	(55, 0.015320610182922802)	(60, 0.0)	(65, 1.1484715279552326e-05)	(70, 0.0)	(75, 0.0)	(80, 0.0)	(85, 0.0)	(90, 0.0)	(95, 0.03363873105380876)	(100, 0.0)	(105, 0.0)	(110, 0.0)	(115, 0.0)	(120, 0.0)	(125, 0.0)	(130, 0.0)	(135, 0.0)	(140, 0.0)	(145, 0.0)	(150, 0.0)																														
DRR898359_2	(1, 0.11484715279552325)	(2, 0.012058951043529942)	(3, 0.0)	(4, 5.742357639776163e-05)	(5, 0.0)	(6, 0.0)	(7, 0.0)	(8, 0.0)	(9, 0.0)	(10, 8.039300695686628e-05)	(15, 0.0)	(20, 0.0)	(25, 0.0)	(30, 3.445414583865698e-05)	(35, 0.0)	(40, 0.0)	(45, 0.0)	(50, 0.0)	(55, 0.0)	(60, 0.0)	(65, 0.0)	(70, 0.0)	(75, 0.0)	(80, 0.016951439752619233)	(85, 0.0)	(90, 0.017583099092994613)	(95, 0.0)	(100, 0.0)	(105, 0.0)	(110, 0.018042487704176702)	(115, 0.0)	(120, 3.445414583865698e-05)	(125, 0.0)	(130, 0.017284496495726248)	(135, 0.0)	(140, 0.0)	(145, 0.0)	(150, 0.0)																														
DRR898360_1	(1, 0.0)	(2, 0.016925715081819975)	(3, 0.007054851470180654)	(4, 0.0005928446613597189)	(5, 0.0)	(6, 0.0007706980597676345)	(7, 0.0)	(8, 0.0)	(9, 0.0)	(10, 0.0)	(15, 0.0)	(20, 0.0)	(25, 0.0)	(30, 0.0)	(35, 5.928446613597189e-06)	(40, 0.0)	(45, 5.928446613597189e-06)	(50, 0.0)	(55, 0.015301320709694343)	(60, 0.0)	(65, 0.0)	(70, 0.0)	(75, 0.0)	(80, 0.0)	(85, 0.0)	(90, 0.0)	(95, 0.034218993853682975)	(100, 0.0)	(105, 0.0)	(110, 0.0)	(115, 0.0)	(120, 0.0)	(125, 0.0)	(130, 0.0)	(135, 0.0)	(140, 0.0)	(145, 0.0)	(150, 0.0)																														
DRR898360_2	(1, 0.11518971770219338)	(2, 0.010434066039931052)	(3, 0.0)	(4, 8.892669920395783e-05)	(5, 0.0)	(6, 0.0)	(7, 0.0)	(8, 0.0)	(9, 0.0)	(10, 5.9284466135971887e-05)	(15, 0.0)	(20, 0.0)	(25, 0.0)	(30, 2.3713786454388756e-05)	(35, 0.0)	(40, 0.0)	(45, 0.0)	(50, 5.928446613597189e-06)	(55, 5.928446613597189e-06)	(60, 0.0)	(65, 0.0)	(70, 5.928446613597189e-06)	(75, 0.0)	(80, 0.017109496926841487)	(85, 0.0)	(90, 0.016813074596161628)	(95, 0.0)	(100, 0.0)	(105, 0.0)	(110, 0.017625271782224443)	(115, 0.0)	(120, 4.742757290877751e-05)	(125, 0.0)	(130, 0.017411847704134946)	(135, 0.0)	(140, 0.0)	(145, 0.0)	(150, 0.0)																														
DRR898362_1	(1, 0.0)	(2, 0.0)	(3, 0.0)	(4, 0.0)	(5, 4.791461232766311e-05)	(6, 0.0)	(7, 0.00014374383698298937)	(8, 0.0)	(9, 0.0)	(10, 4.791461232766311e-05)	(15, 0.0)	(20, 0.0)	(25, 0.0)	(30, 0.000661221650121751)	(35, 0.001149950695863915)	(40, 0.001121201928467317)	(45, 0.000306653518897044)	(50, 0.0020507454076239815)	(55, 0.0021561575547448405)	(60, 0.0013511920676400999)	(65, 0.0015907651292784155)	(70, 0.0009391264016221971)	(75, 0.0004216485884834355)	(80, 0.0017345089662614047)	(85, 0.0006708045725872837)	(90, 0.0022519867794001665)	(95, 0.0029898718092461786)	(100, 0.0027215499802112648)	(105, 0.004801044155231845)	(110, 0.0034019374752640814)	(115, 0.002577806143228276)	(120, 0.00409190789278243)	(125, 0.0019261674155720573)	(130, 0.001954916182968655)	(135, 0.0013607749901056324)	(140, 0.0004983119682076965)	(145, 0.001092453161070719)	(150, 0.0)																														
DRR898362_2	(1, 0.002108242942417177)	(2, 9.582922465532622e-05)	(3, 0.0005749753479319575)	(4, 0.0)	(5, 0.0005749753479319575)	(6, 0.0005749753479319575)	(7, 0.0005270607356042943)	(8, 0.0)	(9, 0.0005270607356042943)	(10, 0.0015428505169507525)	(15, 0.0020219966402273836)	(20, 0.0016674285090026765)	(25, 0.0011882823857260454)	(30, 0.0006995533399838815)	(35, 0.0007762167197081425)	(40, 0.0009391264016221971)	(45, 0.0005941411928630227)	(50, 0.0003545681312247071)	(55, 0.0014278554473643608)	(60, 0.0007762167197081425)	(65, 0.00024915598410384825)	(70, 0.000507894890673229)	(75, 0.00045998027834556597)	(80, 0.0006420558051906857)	(85, 0.0)	(90, 7.6663379724261e-05)	(95, 0.0007283021073804794)	(100, 2.8748767396597873e-05)	(105, 9.582922465532622e-05)	(110, 0.0003641510536902397)	(115, 0.000153326759448522)	(120, 0.0008912117892945341)	(125, 0.0005653924254664247)	(130, 0.0005941411928630227)	(135, 0.0005653924254664247)	(140, 0.001092453161070719)	(145, 0.00058455827039749)	(150, 0.0012218226143554097)																														
DRR898363_1	(1, 0.00020155222083673732)	(2, 0.15418744894010405)	(3, 0.0)	(4, 0.029359440168551406)	(5, 0.0)	(6, 0.0)	(7, 0.0)	(8, 0.0)	(9, 0.0)	(10, 0.01222750139742873)	(15, 0.0059525089220449755)	(20, 0.0)	(25, 0.0)	(30, 0.00937889667626951)	(35, 0.001793814765446962)	(40, 0.015539676226512448)	(45, 8.73392956959195e-05)	(50, 2.0155222083673733e-05)	(55, 0.0)	(60, 0.000604656662510212)	(65, 0.0006248118845938857)	(70, 0.0)	(75, 0.0)	(80, 6.718407361224578e-06)	(85, 0.0)	(90, 6.718407361224578e-06)	(95, 0.0008666745495979704)	(100, 0.00010749451777959325)	(105, 2.0155222083673733e-05)	(110, 0.00012764973986326698)	(115, 0.0)	(120, 0.0)	(125, 1.3436814722449156e-05)	(130, 0.0)	(135, 0.002418626650040848)	(140, 0.0)	(145, 0.0)	(150, 0.042258782302102595)																														
DRR898363_2	(1, 0.0388995786214903)	(2, 0.02882196757965344)	(3, 0.0030568753493571826)	(4, 0.0)	(5, 0.0)	(6, 0.0)	(7, 0.0)	(8, 0.0)	(9, 0.0)	(10, 0.012825439652577717)	(15, 0.004293062303822506)	(20, 0.000732306402373479)	(25, 1.3436814722449156e-05)	(30, 0.00873392956959195)	(35, 0.002324568946983704)	(40, 0.0)	(45, 0.0)	(50, 0.0)	(55, 0.0)	(60, 6.718407361224578e-06)	(65, 0.0021431719482306404)	(70, 0.001988648578922475)	(75, 1.3436814722449156e-05)	(80, 0.0)	(85, 0.00016796018403061444)	(90, 0.0)	(95, 0.00036279399750612716)	(100, 0.015506084189706323)	(105, 7.390248097347035e-05)	(110, 0.0001209313325020424)	(115, 6.718407361224578e-06)	(120, 0.0)	(125, 0.001209313325020424)	(130, 0.0159091886313798)	(135, 0.00011421292514081782)	(140, 0.002485810723653094)	(145, 8.73392956959195e-05)	(150, 0.043199359332674034)																														
DRR898364_1	(1, 0.00021316572416964338)	(2, 0.15399700958941237)	(3, 0.0)	(4, 0.03157897942341717)	(5, 0.0)	(6, 0.0)	(7, 0.0)	(8, 0.0)	(9, 0.0)	(10, 0.011669300785972477)	(15, 0.0060478161171558815)	(20, 0.0)	(25, 0.0)	(30, 0.008800699183575277)	(35, 0.001577426358855361)	(40, 0.016115328747225037)	(45, 9.744718819183697e-05)	(50, 2.4361797047959242e-05)	(55, 0.0)	(60, 0.0005237786365311237)	(65, 0.0004933263902211747)	(70, 0.0)	(75, 0.0)	(80, 0.0)	(85, 0.0)	(90, 6.0904492619898105e-06)	(95, 0.000743034809962757)	(100, 5.48140433579083e-05)	(105, 3.0452246309949056e-05)	(110, 9.135673892984716e-05)	(115, 0.0)	(120, 0.0)	(125, 1.2180898523979621e-05)	(130, 0.0)	(135, 0.002357003864390057)	(140, 0.0)	(145, 0.0)	(150, 0.04117143701105112)																														
DRR898364_2	(1, 0.04083646230164168)	(2, 0.02963003565958043)	(3, 0.0025579886900357206)	(4, 0.0)	(5, 0.0)	(6, 0.0)	(7, 0.0)	(8, 0.0)	(9, 0.0)	(10, 0.01224180301659952)	(15, 0.004263314483392867)	(20, 0.0008526628966785735)	(25, 2.4361797047959242e-05)	(30, 0.008386548633759969)	(35, 0.0023691847629140365)	(40, 0.0)	(45, 0.0)	(50, 0.0)	(55, 0.0)	(60, 0.0)	(65, 0.0020829336476005152)	(70, 0.0019489437638367396)	(75, 3.0452246309949056e-05)	(80, 0.0)	(85, 9.135673892984716e-05)	(90, 0.0)	(95, 0.00032279381088545995)	(100, 0.015908253472317387)	(105, 6.699494188188792e-05)	(110, 0.0001157185359778064)	(115, 1.827134778596943e-05)	(120, 0.0)	(125, 0.001224180301659952)	(130, 0.016273680428036775)	(135, 0.00010353763745382678)	(140, 0.002417908357009955)	(145, 6.090449261989811e-05)	(150, 0.042663597080238626)																														
DRR898365_1	(1, 0.00010019862707841177)	(2, 0.1525023104133427)	(3, 0.0)	(4, 0.028289412378471587)	(5, 0.0)	(6, 0.0)	(7, 0.0)	(8, 0.0)	(9, 0.0)	(10, 0.012110674059544036)	(15, 0.00587163954679493)	(20, 0.0)	(25, 0.0)	(30, 0.009378591494539342)	(35, 0.001649937392557847)	(40, 0.015564186739513295)	(45, 6.011917624704706e-05)	(50, 0.0)	(55, 0.0)	(60, 0.0005277127692796353)	(65, 0.0004141543252574353)	(70, 0.0)	(75, 0.0)	(80, 0.0)	(85, 0.0)	(90, 1.3359816943788238e-05)	(95, 0.000621231487886153)	(100, 0.00010019862707841177)	(105, 2.0039725415682353e-05)	(110, 8.015890166272941e-05)	(115, 0.0)	(120, 0.0)	(125, 6.679908471894119e-06)	(130, 0.0)	(135, 0.002110851077118541)	(140, 0.0)	(145, 0.0)	(150, 0.042417418796527655)																														
DRR898365_2	(1, 0.03854307188282906)	(2, 0.030126387208242473)	(3, 0.002538365219319765)	(4, 0.0)	(5, 0.0)	(6, 0.0)	(7, 0.0)	(8, 0.0)	(9, 0.0)	(10, 0.012591627469520411)	(15, 0.0042016624288214)	(20, 0.0006880305726050942)	(25, 0.0)	(30, 0.009091355430247895)	(35, 0.0024982857684884)	(40, 0.0)	(45, 0.0)	(50, 0.0)	(55, 0.0)	(60, 0.0)	(65, 0.001870374372130353)	(70, 0.0018302949212989886)	(75, 6.679908471894119e-06)	(80, 0.0)	(85, 0.00012691826096598825)	(90, 0.0)	(95, 0.00024047670498818824)	(100, 0.016118619142680507)	(105, 9.351871860651764e-05)	(110, 8.683881013462354e-05)	(115, 1.3359816943788238e-05)	(120, 0.0)	(125, 0.0011756638910533647)	(130, 0.016178738318927556)	(135, 0.00010019862707841177)	(140, 0.002130890802534224)	(145, 4.0079450831364706e-05)	(150, 0.043786800033265946)																														
DRR898366_1	(1, 0.00016148718066313743)	(2, 0.16038906783462809)	(3, 0.0)	(4, 0.02835714892444693)	(5, 0.0)	(6, 0.0)	(7, 0.0)	(8, 0.0)	(9, 0.0)	(10, 0.01223426880703929)	(15, 0.006659731330547787)	(20, 0.0)	(25, 0.0)	(30, 0.009340418529555868)	(35, 0.0018280348851067154)	(40, 0.016478151914866544)	(45, 5.167589781220397e-05)	(50, 1.2918974453050993e-05)	(55, 0.0)	(60, 0.0005425969270281418)	(65, 0.00047154256753636126)	(70, 0.0)	(75, 6.4594872265254965e-06)	(80, 0.0)	(85, 0.0)	(90, 0.0)	(95, 0.0006911651332382282)	(100, 0.00014210871898356092)	(105, 2.5837948906101986e-05)	(110, 6.459487226525496e-05)	(115, 0.0)	(120, 0.0)	(125, 0.0)	(130, 0.0)	(135, 0.002092873861394261)	(140, 0.0)	(145, 0.0)	(150, 0.04260031825893565)																														
DRR898366_2	(1, 0.03966125157086655)	(2, 0.0327818976746169)	(3, 0.0027775795074059637)	(4, 0.0)	(5, 0.0)	(6, 0.0)	(7, 0.0)	(8, 0.0)	(9, 0.0)	(10, 0.012654135476763449)	(15, 0.004902750804932852)	(20, 0.0006394892354260242)	(25, 1.2918974453050993e-05)	(30, 0.008914092372605186)	(35, 0.0026160923267428264)	(40, 0.0)	(45, 0.0)	(50, 0.0)	(55, 0.0)	(60, 0.0)	(65, 0.0019249271935045979)	(70, 0.0018926297573719705)	(75, 6.4594872265254965e-06)	(80, 0.0)	(85, 0.00020024410402229038)	(90, 0.0)	(95, 0.00029067692519364735)	(100, 0.015987230885650607)	(105, 0.00013564923175703544)	(110, 0.00011627077007745895)	(115, 0.0)	(120, 0.0)	(125, 0.001195005136907217)	(130, 0.016013068834556707)	(135, 0.0001873251295692394)	(140, 0.0021962256570186686)	(145, 7.105435949178046e-05)	(150, 0.04355309262484816)																														
DRR898368_1	(1, 0.0001309673642425044)	(2, 0.16226856429646297)	(3, 0.0)	(4, 0.02968593589496767)	(5, 0.0)	(6, 0.0)	(7, 0.0)	(8, 0.0)	(9, 0.0)	(10, 0.011830718569906232)	(15, 0.006041961070387537)	(20, 0.0)	(25, 0.0)	(30, 0.008713695300934627)	(35, 0.0016327264742232218)	(40, 0.01545414898061552)	(45, 5.2386945697001763e-05)	(50, 1.7462315232333922e-05)	(55, 0.0)	(60, 0.0006373745059801882)	(65, 0.0006024498755155203)	(70, 8.731157616166961e-06)	(75, 1.7462315232333922e-05)	(80, 0.0)	(85, 0.0)	(90, 2.6193472848500882e-05)	(95, 0.0008207288159196943)	(100, 0.00010477389139400353)	(105, 3.4924630464667845e-05)	(110, 0.00012223620662633745)	(115, 0.0)	(120, 0.0)	(125, 0.0)	(130, 0.0)	(135, 0.0025582291815369196)	(140, 0.0)	(145, 0.0)	(150, 0.03996687398800426)																														
DRR898368_2	(1, 0.03811150299456878)	(2, 0.03047174008042269)	(3, 0.0027939704371734275)	(4, 0.0)	(5, 0.0)	(6, 0.0)	(7, 0.0)	(8, 0.0)	(9, 0.0)	(10, 0.012459361918270252)	(15, 0.0043655788080834805)	(20, 0.0008818469192328629)	(25, 3.4924630464667845e-05)	(30, 0.008434298257217284)	(35, 0.002628078442466255)	(40, 0.0)	(45, 0.0)	(50, 0.0)	(55, 0.0)	(60, 0.0)	(65, 0.0022962944530519106)	(70, 0.0020954778278800706)	(75, 8.731157616166961e-06)	(80, 0.0)	(85, 0.00016589199470717225)	(90, 0.0)	(95, 0.00040163325034368023)	(100, 0.016126448117060377)	(105, 7.858041854550264e-05)	(110, 6.984926092933569e-05)	(115, 2.6193472848500882e-05)	(120, 0.0)	(125, 0.0014581033218998823)	(130, 0.016772553780656733)	(135, 0.00013969852185867138)	(140, 0.002654271915314756)	(145, 6.984926092933569e-05)	(150, 0.04147299867679306)																														
DRR898372_1	(1, 4.3642108524831266e-05)	(2, 0.1589882013559603)	(3, 0.0)	(4, 0.028541938975239652)	(5, 0.0)	(6, 0.0)	(7, 0.0)	(8, 0.0)	(9, 0.0)	(10, 0.011713541928064713)	(15, 0.006214636253935972)	(20, 0.0)	(25, 0.0)	(30, 0.00873715012667122)	(35, 0.0016933138107634532)	(40, 0.017509213940162305)	(45, 8.728421704966253e-05)	(50, 8.728421704966254e-06)	(55, 0.0)	(60, 0.0006022610976426715)	(65, 0.000549890567412874)	(70, 0.0)	(75, 0.0)	(80, 0.0)	(85, 0.0)	(90, 8.728421704966254e-06)	(95, 0.0007942863751519291)	(100, 0.0001309263255744938)	(105, 1.7456843409932508e-05)	(110, 6.982737363973003e-05)	(115, 0.0)	(120, 0.0)	(125, 1.7456843409932508e-05)	(130, 0.0)	(135, 0.0021821054262415635)	(140, 0.0)	(145, 0.0)	(150, 0.040805371470717236)																														
DRR898372_2	(1, 0.03962703454054679)	(2, 0.02928385482016178)	(3, 0.003316800247887176)	(4, 0.0)	(5, 0.0)	(6, 0.0)	(7, 0.0)	(8, 0.0)	(9, 0.0)	(10, 0.012228518808657721)	(15, 0.00445149506953279)	(20, 0.0007070021581022665)	(25, 2.618526511489876e-05)	(30, 0.008248358511193111)	(35, 0.002592341246374977)	(40, 0.0)	(45, 0.0)	(50, 0.0)	(55, 8.728421704966254e-06)	(60, 0.0)	(65, 0.002024993835552171)	(70, 0.0018766106665677447)	(75, 8.728421704966254e-06)	(80, 0.0)	(85, 0.0001309263255744938)	(90, 0.0)	(95, 0.00030549475967381887)	(100, 0.01654035913091105)	(105, 0.00010474106045959505)	(110, 0.00010474106045959505)	(115, 8.728421704966254e-06)	(120, 0.0)	(125, 0.001169608508465478)	(130, 0.01723863286730835)	(135, 0.00017456843409932506)	(140, 0.0022781180649961924)	(145, 5.237053022979752e-05)	(150, 0.04156910836990178)																														
DRR898376_1	(1, 0.0)	(2, 0.23318424291684667)	(3, 0.0)	(4, 0.0)	(5, 0.0)	(6, 0.0)	(7, 0.0)	(8, 0.0)	(9, 0.0)	(10, 0.0)	(15, 0.00017466984488153308)	(20, 0.0)	(25, 0.0)	(30, 0.0)	(35, 0.0)	(40, 8.151259427804877e-05)	(45, 0.0)	(50, 0.017199157392668293)	(55, 0.01599975779114843)	(60, 4.6578625301742155e-05)	(65, 0.0)	(70, 0.0)	(75, 0.0)	(80, 0.0)	(85, 0.0010945976945909406)	(90, 0.00034933968976306616)	(95, 0.0)	(100, 9.315725060348431e-05)	(105, 0.0)	(110, 0.0019097236373714283)	(115, 0.0004774309093428571)	(120, 0.0002794717518104529)	(125, 1.1644656325435539e-05)	(130, 0.0007103240358515678)	(135, 0.0014322927280285714)	(140, 0.0)	(145, 0.03245365717898885)	(150, 0.0003202280489494773)																														
DRR898376_2	(1, 0.0)	(2, 0.00227070798345993)	(3, 0.0018049217304425085)	(4, 0.0)	(5, 0.0)	(6, 0.0)	(7, 0.0)	(8, 0.0)	(9, 5.822328162717769e-05)	(10, 0.0)	(15, 0.00040756297139024384)	(20, 0.001164465632543554)	(25, 0.00034933968976306616)	(30, 4.6578625301742155e-05)	(35, 0.00022124847018327521)	(40, 0.0010945976945909406)	(45, 0.0)	(50, 2.3289312650871078e-05)	(55, 0.0)	(60, 0.0005123648783191637)	(65, 0.00031440572078675957)	(70, 0.000582232816271777)	(75, 1.1644656325435539e-05)	(80, 0.0)	(85, 0.00044249694036655043)	(90, 0.0005240095346445992)	(95, 2.3289312650871078e-05)	(100, 0.00020960381385783967)	(105, 0.0016069625729101045)	(110, 0.0004308522840411149)	(115, 0.0008500599117567943)	(120, 0.00010480190692891984)	(125, 2.3289312650871078e-05)	(130, 2.3289312650871078e-05)	(135, 0.0)	(140, 0.017769745552614635)	(145, 0.0014090034153777002)	(150, 0.0)																														
DRR898377_1	(1, 0.0)	(2, 0.23914644116612876)	(3, 0.0)	(4, 0.0)	(5, 0.0)	(6, 0.0)	(7, 0.0)	(8, 0.0)	(9, 0.0)	(10, 0.0)	(15, 0.00022755211891657017)	(20, 0.0)	(25, 0.0)	(30, 1.0835815186503341e-05)	(35, 0.0)	(40, 0.00017337304298405346)	(45, 0.0)	(50, 0.018009124839968554)	(55, 0.0158961408786004)	(60, 7.58507063055234e-05)	(65, 0.0)	(70, 0.0)	(75, 0.0)	(80, 0.0)	(85, 0.0013761485286859245)	(90, 0.00039008934671412034)	(95, 0.0)	(100, 0.00019504467335706017)	(105, 1.0835815186503341e-05)	(110, 0.0022646853739791985)	(115, 0.0006826563567497105)	(120, 0.000379253531527617)	(125, 2.1671630373006682e-05)	(130, 0.0009643875515987975)	(135, 0.0019396109183840984)	(140, 5.4179075932516714e-05)	(145, 0.03303840050364869)	(150, 0.0005688802972914254)																														
DRR898377_2	(1, 0.0)	(2, 0.0020046258095031185)	(3, 0.0017337304298405349)	(4, 0.0)	(5, 0.0)	(6, 0.0)	(7, 0.0)	(8, 0.0)	(9, 5.4179075932516714e-05)	(10, 0.0)	(15, 0.0004225967922736303)	(20, 0.0014845066805509578)	(25, 0.0004225967922736303)	(30, 9.752233667853009e-05)	(35, 0.00036841771634111366)	(40, 0.001365312713499421)	(45, 0.0)	(50, 6.501489111902006e-05)	(55, 0.0)	(60, 0.0006284772808171938)	(65, 0.000379253531527617)	(70, 0.000758507063055234)	(75, 0.0)	(80, 0.0)	(85, 0.0004876116833926504)	(90, 0.0005742982048846771)	(95, 5.4179075932516714e-05)	(100, 0.0003142386404085969)	(105, 0.002069640700622138)	(110, 0.0004659400530196437)	(115, 0.0011485964097693543)	(120, 0.00022755211891657017)	(125, 6.501489111902006e-05)	(130, 0.00010835815186503343)	(135, 0.0)	(140, 0.01818249788295261)	(145, 0.001712058799467528)	(150, 0.0)																														
DRR898379_1	(1, 0.0)	(2, 0.1018329125145271)	(3, 5.327382292154178e-05)	(4, 0.033349413148885156)	(5, 0.0)	(6, 0.00018645838022539622)	(7, 0.0)	(8, 0.0)	(9, 0.0)	(10, 0.0)	(15, 0.0)	(20, 0.0)	(25, 0.0)	(30, 0.0)	(35, 5.327382292154178e-05)	(40, 0.0)	(45, 0.0)	(50, 0.00020776790939401292)	(55, 0.0)	(60, 0.0)	(65, 0.0)	(70, 0.0)	(75, 0.0)	(80, 0.0)	(85, 0.0)	(90, 5.3273822921541775e-06)	(95, 0.0)	(100, 0.0)	(105, 0.0)	(110, 0.0)	(115, 0.0006978870802721973)	(120, 0.0)	(125, 0.00011720241042739192)	(130, 0.004927828620242615)	(135, 0.0007618156677780475)	(140, 0.0008843454604975935)	(145, 0.004432382067072276)	(150, 0.0)																														
DRR898379_2	(1, 0.09189734453965956)	(2, 0.010601490761386815)	(3, 0.0)	(4, 0.0)	(5, 0.0)	(6, 0.0)	(7, 0.0)	(8, 0.0)	(9, 0.0)	(10, 0.0)	(15, 0.0)	(20, 0.0)	(25, 0.0)	(30, 0.0)	(35, 1.0654764584308355e-05)	(40, 0.0)	(45, 0.0)	(50, 0.0)	(55, 0.0)	(60, 0.0)	(65, 0.0)	(70, 0.0)	(75, 0.0)	(80, 0.0)	(85, 0.0004847917885860302)	(90, 0.0)	(95, 0.0)	(100, 0.0)	(105, 0.0)	(110, 0.0)	(115, 0.0)	(120, 0.0)	(125, 0.004160685570172413)	(130, 0.005162233441097399)	(135, 7.991073438231266e-05)	(140, 0.0)	(145, 0.0021416076814459793)	(150, 0.0)																														
DRR898407_1	(1, 0.0)	(2, 0.2426229215836719)	(3, 0.0)	(4, 0.0)	(5, 0.0)	(6, 0.0)	(7, 0.0)	(8, 0.0)	(9, 0.0)	(10, 0.0)	(15, 0.00016212691051364643)	(20, 0.0)	(25, 0.0)	(30, 0.0)	(35, 0.0)	(40, 0.00012970152841091712)	(45, 0.0)	(50, 0.017542131717576542)	(55, 0.016155946632684867)	(60, 5.6744418679776244e-05)	(65, 0.0)	(70, 0.0)	(75, 0.0)	(80, 0.0)	(85, 0.0011348883735955249)	(90, 0.0003809982397070691)	(95, 0.0)	(100, 0.00016212691051364643)	(105, 1.621269105136464e-05)	(110, 0.001994160999317851)	(115, 0.0004863807315409393)	(120, 0.0003566792031300221)	(125, 1.621269105136464e-05)	(130, 0.0006971457152086796)	(135, 0.0016861198693419227)	(140, 1.621269105136464e-05)	(145, 0.03307388974478387)	(150, 0.00030398795721308703)																														
DRR898407_2	(1, 0.0)	(2, 0.0014996739222512294)	(3, 0.0016212691051364645)	(4, 0.0)	(5, 0.0)	(6, 0.0)	(7, 0.0)	(8, 0.0)	(9, 8.106345525682321e-05)	(10, 0.0)	(15, 0.0004134236218097984)	(20, 0.0013051216296348538)	(25, 0.0003891045852327514)	(30, 4.8638073154093925e-05)	(35, 0.00023508402024478733)	(40, 0.0010943566459671132)	(45, 0.0)	(50, 1.621269105136464e-05)	(55, 0.0)	(60, 0.0005269124591693509)	(65, 0.0003485728576043398)	(70, 0.0005998695689004918)	(75, 0.0)	(80, 0.0)	(85, 0.0004458490039125277)	(90, 0.0005106997681179862)	(95, 3.242538210272928e-05)	(100, 0.00023508402024478733)	(105, 0.0017590769790730636)	(110, 0.0004215299673354807)	(115, 0.0008754853167736908)	(120, 8.106345525682321e-05)	(125, 8.10634552568232e-06)	(130, 4.8638073154093925e-05)	(135, 0.0)	(140, 0.018458148761978647)	(145, 0.0013942914304173593)	(150, 0.0)																														
DRR898409_1	(1, 0.0)	(2, 0.01673692061331812)	(3, 0.008001715034255676)	(4, 0.0010002143792819595)	(5, 0.0)	(6, 0.0014003001309947432)	(7, 0.0)	(8, 0.0)	(9, 0.0)	(10, 0.0)	(15, 0.0)	(20, 0.0)	(25, 6.668095861879729e-06)	(30, 0.0)	(35, 0.0)	(40, 0.0)	(45, 0.0)	(50, 0.0)	(55, 0.01682360585952256)	(60, 0.0)	(65, 0.0)	(70, 0.0)	(75, 0.0)	(80, 0.0)	(85, 0.0)	(90, 0.0)	(95, 0.03306708737906158)	(100, 0.0)	(105, 0.0)	(110, 0.0)	(115, 0.0)	(120, 0.0)	(125, 0.0)	(130, 0.0)	(135, 0.0)	(140, 0.0)	(145, 0.0)	(150, 0.0)																														
DRR898409_2	(1, 0.11972566120005054)	(2, 0.014136363227185025)	(3, 0.0)	(4, 0.0)	(5, 0.0)	(6, 0.0)	(7, 0.0)	(8, 0.0)	(9, 0.0)	(10, 0.0001600343006851135)	(15, 0.0)	(20, 0.0)	(25, 0.0)	(30, 3.334047930939865e-05)	(35, 1.3336191723759458e-05)	(40, 0.0)	(45, 0.0)	(50, 6.668095861879729e-06)	(55, 6.668095861879729e-06)	(60, 0.0)	(65, 0.0)	(70, 2.0004287585639188e-05)	(75, 0.0)	(80, 0.016850278242970078)	(85, 0.0)	(90, 0.01579671909679308)	(95, 0.0)	(100, 0.0)	(105, 0.0)	(110, 0.016696912038146845)	(115, 0.0)	(120, 6.001286275691757e-05)	(125, 0.0)	(130, 0.016976972064345792)	(135, 0.0)	(140, 0.0)	(145, 0.0)	(150, 0.0)																														
DRR898410_1	(1, 0.0)	(2, 0.01579819872448854)	(3, 0.008027825425925289)	(4, 0.0006319279489795417)	(5, 0.0)	(6, 0.0010766179871503304)	(7, 0.0)	(8, 0.0)	(9, 0.0)	(10, 0.0)	(15, 0.0)	(20, 0.0)	(25, 0.0)	(30, 0.0)	(35, 4.680947770218827e-06)	(40, 0.0)	(45, 0.0)	(50, 0.0)	(55, 0.015578194179288258)	(60, 0.0)	(65, 0.0)	(70, 0.0)	(75, 0.0)	(80, 0.0)	(85, 0.0)	(90, 0.0)	(95, 0.034685822977321513)	(100, 0.0)	(105, 0.0)	(110, 0.0)	(115, 0.0)	(120, 0.0)	(125, 0.0)	(130, 0.0)	(135, 0.0)	(140, 0.0)	(145, 0.0)	(150, 0.0)																														
DRR898410_2	(1, 0.12147059463717856)	(2, 0.012568344763037552)	(3, 0.0)	(4, 2.340473885109414e-05)	(5, 0.0)	(6, 0.0)	(7, 0.0)	(8, 0.0)	(9, 0.0)	(10, 0.00012170464202568952)	(15, 0.0)	(20, 0.0)	(25, 0.0)	(30, 1.872379108087531e-05)	(35, 9.361895540437655e-06)	(40, 0.0)	(45, 0.0)	(50, 9.361895540437655e-06)	(55, 9.361895540437655e-06)	(60, 0.0)	(65, 0.0)	(70, 1.4042843310656482e-05)	(75, 0.0)	(80, 0.017277378219877692)	(85, 0.0)	(90, 0.017179078316703095)	(95, 0.0)	(100, 0.0)	(105, 0.0)	(110, 0.01696843566704325)	(115, 0.0)	(120, 2.8085686621312964e-05)	(125, 0.0)	(130, 0.016631407427587494)	(135, 0.0)	(140, 0.0)	(145, 0.0)	(150, 0.0)																														
DRR898411_1	(1, 0.531908978697694)	(2, 0.02483477461515366)	(3, 0.0)	(4, 0.0)	(5, 0.0)	(6, 0.0007413365556762287)	(7, 0.0)	(8, 0.0)	(9, 0.0)	(10, 0.0)	(15, 0.0)	(20, 0.0)	(25, 0.0)	(30, 0.0001112004833514343)	(35, 0.0)	(40, 0.0)	(45, 3.7066827783811434e-05)	(50, 0.0005189355889733601)	(55, 9.266706945952858e-05)	(60, 0.00014826731113524574)	(65, 0.0)	(70, 0.0014456062835686459)	(75, 0.0003336014500543029)	(80, 0.0006857363140005115)	(85, 0.000852537039027663)	(90, 0.0007042697278924172)	(95, 0.002242543080920592)	(100, 0.002576144530974895)	(105, 0.0020386755281096287)	(110, 0.00246494404762346)	(115, 7.413365556762287e-05)	(120, 0.0)	(125, 0.0)	(130, 1.8533413891905717e-05)	(135, 0.0)	(140, 0.0)	(145, 9.266706945952858e-05)	(150, 0.0004170018125678786)																														
DRR898411_2	(1, 0.03289680965813265)	(2, 9.266706945952858e-05)	(3, 9.266706945952858e-05)	(4, 0.0)	(5, 9.266706945952858e-05)	(6, 0.0)	(7, 0.0)	(8, 0.0)	(9, 0.0013900060418929286)	(10, 0.000982270936271003)	(15, 5.560024167571715e-05)	(20, 0.0)	(25, 0.0)	(30, 0.0)	(35, 0.0005745358306490772)	(40, 0.0)	(45, 0.00037066827783811433)	(50, 3.7066827783811434e-05)	(55, 5.560024167571715e-05)	(60, 0.0)	(65, 0.0)	(70, 0.0)	(75, 0.0)	(80, 0.0)	(85, 0.0)	(90, 0.0)	(95, 0.0)	(100, 0.0002409343805947743)	(105, 0.0)	(110, 0.0005189355889733601)	(115, 0.00018533413891905716)	(120, 0.0003150680361623972)	(125, 0.0)	(130, 3.7066827783811434e-05)	(135, 0.0006301360723247944)	(140, 3.7066827783811434e-05)	(145, 0.0)	(150, 0.003197013896353736)																														
DRR898421_1	(1, 0.0)	(2, 0.0)	(3, 0.0)	(4, 0.00044791950349018874)	(5, 0.0)	(6, 0.0)	(7, 0.0)	(8, 0.006226081098513624)	(9, 0.0)	(10, 0.009809437126435134)	(15, 8.958390069803776e-05)	(20, 0.0344002178680465)	(25, 0.03075415310963636)	(30, 6.270873048862643e-05)	(35, 0.00037625238293175856)	(40, 0.0015318847019364455)	(45, 1.7916780139607553e-05)	(50, 8.062551062823399e-05)	(55, 0.053598047787635994)	(60, 6.270873048862643e-05)	(65, 0.0)	(70, 0.0002687517020941133)	(75, 0.009970688147691602)	(80, 0.0061096220276061755)	(85, 0.0033414794960368085)	(90, 0.00017916780139607552)	(95, 0.0006539624750956756)	(100, 1.7916780139607553e-05)	(105, 0.05332033769547207)	(110, 0.0019260538650078115)	(115, 0.0022575142975905516)	(120, 0.021813679819972193)	(125, 0.036550231484799404)	(130, 0.030431651067123425)	(135, 0.0005912537446070492)	(140, 0.003063769403872891)	(145, 0.03447188498860493)	(150, 0.0866276319750025)																														
DRR898421_2	(1, 0.3718179798472057)	(2, 0.01151153123969785)	(3, 0.0)	(4, 0.0)	(5, 0.1765250763254834)	(6, 0.2059085957544398)	(7, 0.0)	(8, 0.0)	(9, 0.0)	(10, 0.0)	(15, 0.06570083277194089)	(20, 0.009280892112316712)	(25, 0.07524151819628191)	(30, 0.0034400217868046498)	(35, 0.0)	(40, 0.010105063998738659)	(45, 0.04157588831395932)	(50, 0.09475289176831453)	(55, 0.05611535539725085)	(60, 0.000519586624048619)	(65, 0.07111170037410237)	(70, 0.007480255708286153)	(75, 2.6875170209411326e-05)	(80, 8.958390069803777e-06)	(85, 0.00384314933994582)	(90, 6.270873048862643e-05)	(95, 0.0)	(100, 0.05406388407126579)	(105, 8.062551062823399e-05)	(110, 0.0008958390069803775)	(115, 0.0016393853827740908)	(120, 0.0008241718864219473)	(125, 0.00035833560279215104)	(130, 0.0)	(135, 0.08427157538664411)	(140, 0.0001075006808376453)	(145, 0.00013437585104705664)	(150, 0.0)																														
DRR898438_1	(1, 0.0)	(2, 0.03687137164257042)	(3, 0.003738292749246734)	(4, 0.0012985648497383393)	(5, 0.0)	(6, 0.0)	(7, 0.0)	(8, 3.935044999207089e-05)	(9, 0.00011805134997621265)	(10, 0.0003148035999365671)	(15, 0.0)	(20, 0.0)	(25, 0.0)	(30, 0.002534168979489365)	(35, 0.000133791529973041)	(40, 0.050706989859782545)	(45, 0.0)	(50, 0.0)	(55, 1.5740179996828354e-05)	(60, 0.0001023111699793843)	(65, 9.444107998097013e-05)	(70, 6.296071998731341e-05)	(75, 0.0)	(80, 0.0)	(85, 0.00022823260995401116)	(90, 0.00021249242995718276)	(95, 0.00024397278995083948)	(100, 0.0001023111699793843)	(105, 0.00018101206996352606)	(110, 0.0001652718899666977)	(115, 4.7220539990485064e-05)	(120, 0.0004092446799175372)	(125, 0.0)	(130, 0.00011018125997779848)	(135, 0.0004564652199080223)	(140, 0.0)	(145, 6.296071998731341e-05)	(150, 0.0)																														
DRR898438_2	(1, 0.2865893272922523)	(2, 0.00011805134997621265)	(3, 7.870089998414178e-05)	(4, 0.0)	(5, 0.0)	(6, 0.0)	(7, 0.0)	(8, 0.000983761249801772)	(9, 0.0)	(10, 0.00017314197996511188)	(15, 0.0)	(20, 0.0)	(25, 0.0)	(30, 0.00014166161997145518)	(35, 0.0003777643199238805)	(40, 0.0001652718899666977)	(45, 0.00022823260995401116)	(50, 0.00062173710987472)	(55, 0.0006374772898715483)	(60, 0.00025184287994925366)	(65, 0.0)	(70, 0.000802749179838246)	(75, 0.0002046223399587686)	(80, 0.0)	(85, 0.0001652718899666977)	(90, 0.0)	(95, 0.00014166161997145518)	(100, 0.00017314197996511188)	(105, 0.00015740179996828356)	(110, 0.0001023111699793843)	(115, 0.0003698942299254663)	(120, 0.0)	(125, 0.0)	(130, 7.870089998414177e-06)	(135, 9.444107998097013e-05)	(140, 0.00024397278995083948)	(145, 1.5740179996828354e-05)	(150, 0.001869146374623367)																														
