Sample	0	1	2	3	4	5	6	7	8	9	10	11	12	13	14	15	16	17	18	19	20	21	22	23	24	25	26	27	28	29	30	31	32	33	34	35
DRR898354_1	(2.0, 141.0)	(3.0, 0.0)	(4.0, 0.0)	(5.0, 0.0)	(6.0, 0.0)	(7.0, 0.0)	(8.0, 0.0)	(9.0, 0.0)	(10.0, 0.0)	(11.0, 0.0)	(12.0, 0.0)	(13.0, 0.0)	(14.0, 0.0)	(15.0, 9.0)	(16.0, 34.0)	(17.0, 169.0)	(18.0, 551.0)	(19.0, 1190.0)	(20.0, 1411.0)	(21.0, 1848.0)	(22.0, 2365.0)	(23.0, 3027.0)	(24.0, 4312.0)	(25.0, 5855.0)	(26.0, 7734.0)	(27.0, 10802.0)	(28.0, 14809.0)	(29.0, 19972.0)	(30.0, 25654.0)	(31.0, 32876.0)	(32.0, 41897.0)	(33.0, 52294.0)	(34.0, 67672.0)	(35.0, 91894.0)	(36.0, 139554.0)	(37.0, 485664.0)
DRR898354_2	(2.0, 129.0)	(3.0, 0.0)	(4.0, 0.0)	(5.0, 0.0)	(6.0, 0.0)	(7.0, 0.0)	(8.0, 1.0)	(9.0, 0.0)	(10.0, 0.0)	(11.0, 7.0)	(12.0, 99.0)	(13.0, 600.0)	(14.0, 1461.0)	(15.0, 2266.0)	(16.0, 3885.0)	(17.0, 6085.0)	(18.0, 8885.0)	(19.0, 11406.0)	(20.0, 13326.0)	(21.0, 15628.0)	(22.0, 17283.0)	(23.0, 18696.0)	(24.0, 20304.0)	(25.0, 22325.0)	(26.0, 24461.0)	(27.0, 27558.0)	(28.0, 31898.0)	(29.0, 36292.0)	(30.0, 40224.0)	(31.0, 41488.0)	(32.0, 42616.0)	(33.0, 46409.0)	(34.0, 59374.0)	(35.0, 83705.0)	(36.0, 134059.0)	(37.0, 301264.0)
DRR898355_1	(16.0, 2.0)	(17.0, 69.0)	(18.0, 669.0)	(19.0, 2327.0)	(20.0, 4286.0)	(21.0, 5002.0)	(22.0, 5259.0)	(23.0, 5530.0)	(24.0, 6277.0)	(25.0, 6953.0)	(26.0, 8047.0)	(27.0, 8873.0)	(28.0, 10669.0)	(29.0, 12832.0)	(30.0, 15507.0)	(31.0, 18297.0)	(32.0, 24989.0)	(33.0, 33595.0)	(34.0, 43167.0)	(35.0, 61751.0)	(36.0, 99127.0)	(37.0, 170315.0)	(38.0, 417802.0)	(39.0, 3090400.0)	(40.0, 1593633.0)											
DRR898355_2	(14.0, 11.0)	(15.0, 134.0)	(16.0, 1008.0)	(17.0, 3437.0)	(18.0, 6914.0)	(19.0, 9814.0)	(20.0, 11378.0)	(21.0, 10323.0)	(22.0, 9582.0)	(23.0, 9206.0)	(24.0, 9559.0)	(25.0, 10259.0)	(26.0, 11288.0)	(27.0, 12031.0)	(28.0, 13995.0)	(29.0, 16118.0)	(30.0, 18948.0)	(31.0, 21962.0)	(32.0, 27198.0)	(33.0, 34369.0)	(34.0, 47103.0)	(35.0, 67705.0)	(36.0, 112417.0)	(37.0, 200657.0)	(38.0, 514875.0)	(39.0, 3195134.0)	(40.0, 1269953.0)									
DRR898359_1	(17.0, 10.0)	(18.0, 96.0)	(19.0, 391.0)	(20.0, 825.0)	(21.0, 993.0)	(22.0, 1174.0)	(23.0, 1141.0)	(24.0, 1391.0)	(25.0, 1552.0)	(26.0, 1807.0)	(27.0, 2075.0)	(28.0, 2419.0)	(29.0, 3029.0)	(30.0, 3811.0)	(31.0, 4876.0)	(32.0, 7925.0)	(33.0, 12725.0)	(34.0, 14972.0)	(35.0, 19186.0)	(36.0, 28086.0)	(37.0, 46215.0)	(38.0, 109673.0)	(39.0, 889856.0)	(40.0, 587217.0)												
DRR898359_2	(14.0, 4.0)	(15.0, 31.0)	(16.0, 201.0)	(17.0, 627.0)	(18.0, 1233.0)	(19.0, 1677.0)	(20.0, 2009.0)	(21.0, 1874.0)	(22.0, 1773.0)	(23.0, 1806.0)	(24.0, 1987.0)	(25.0, 2060.0)	(26.0, 2279.0)	(27.0, 2432.0)	(28.0, 2993.0)	(29.0, 3425.0)	(30.0, 4337.0)	(31.0, 5189.0)	(32.0, 7087.0)	(33.0, 9307.0)	(34.0, 13297.0)	(35.0, 19289.0)	(36.0, 31703.0)	(37.0, 55903.0)	(38.0, 135805.0)	(39.0, 962540.0)	(40.0, 470577.0)									
DRR898360_1	(16.0, 1.0)	(17.0, 26.0)	(18.0, 202.0)	(19.0, 703.0)	(20.0, 1463.0)	(21.0, 1884.0)	(22.0, 2080.0)	(23.0, 2277.0)	(24.0, 2721.0)	(25.0, 3090.0)	(26.0, 3487.0)	(27.0, 4003.0)	(28.0, 4859.0)	(29.0, 6012.0)	(30.0, 7439.0)	(31.0, 9315.0)	(32.0, 12651.0)	(33.0, 17245.0)	(34.0, 22918.0)	(35.0, 33064.0)	(36.0, 55481.0)	(37.0, 99719.0)	(38.0, 257660.0)	(39.0, 1884096.0)	(40.0, 941169.0)											
DRR898360_2	(14.0, 6.0)	(15.0, 108.0)	(16.0, 931.0)	(17.0, 2622.0)	(18.0, 4487.0)	(19.0, 5360.0)	(20.0, 5771.0)	(21.0, 5345.0)	(22.0, 5078.0)	(23.0, 4972.0)	(24.0, 5391.0)	(25.0, 5640.0)	(26.0, 5971.0)	(27.0, 6676.0)	(28.0, 7738.0)	(29.0, 8718.0)	(30.0, 10317.0)	(31.0, 12107.0)	(32.0, 15343.0)	(33.0, 19847.0)	(34.0, 27465.0)	(35.0, 40479.0)	(36.0, 68947.0)	(37.0, 128213.0)	(38.0, 334097.0)	(39.0, 1926583.0)	(40.0, 715353.0)									
DRR898362_1	(15.0, 1.0)	(16.0, 1.0)	(17.0, 10.0)	(18.0, 54.0)	(19.0, 153.0)	(20.0, 276.0)	(21.0, 648.0)	(22.0, 1409.0)	(23.0, 2615.0)	(24.0, 4798.0)	(25.0, 8633.0)	(26.0, 11217.0)	(27.0, 14367.0)	(28.0, 18828.0)	(29.0, 23815.0)	(30.0, 28634.0)	(31.0, 34744.0)	(32.0, 40990.0)	(33.0, 48425.0)	(34.0, 57197.0)	(35.0, 68618.0)	(36.0, 84004.0)	(37.0, 109105.0)	(38.0, 158049.0)	(39.0, 316432.0)	(40.0, 1054023.0)										
DRR898362_2	(11.0, 7.0)	(12.0, 110.0)	(13.0, 316.0)	(14.0, 408.0)	(15.0, 529.0)	(16.0, 1022.0)	(17.0, 2015.0)	(18.0, 3526.0)	(19.0, 5438.0)	(20.0, 7360.0)	(21.0, 9568.0)	(22.0, 12268.0)	(23.0, 14986.0)	(24.0, 17626.0)	(25.0, 21393.0)	(26.0, 26038.0)	(27.0, 28467.0)	(28.0, 32412.0)	(29.0, 37646.0)	(30.0, 42643.0)	(31.0, 49610.0)	(32.0, 57005.0)	(33.0, 66473.0)	(34.0, 78175.0)	(35.0, 94060.0)	(36.0, 117118.0)	(37.0, 151949.0)	(38.0, 219773.0)	(39.0, 383041.0)	(40.0, 606064.0)						
DRR898363_1	(15.0, 5.0)	(16.0, 159.0)	(17.0, 1351.0)	(18.0, 3771.0)	(19.0, 3655.0)	(20.0, 3232.0)	(21.0, 3282.0)	(22.0, 3562.0)	(23.0, 3906.0)	(24.0, 4396.0)	(25.0, 5133.0)	(26.0, 5934.0)	(27.0, 7472.0)	(28.0, 10773.0)	(29.0, 18091.0)	(30.0, 22759.0)	(31.0, 30742.0)	(32.0, 51831.0)	(33.0, 83429.0)	(34.0, 136468.0)	(35.0, 250924.0)	(36.0, 1409579.0)	(37.0, 916442.0)													
DRR898363_2	(13.0, 1.0)	(14.0, 138.0)	(15.0, 1436.0)	(16.0, 4251.0)	(17.0, 6110.0)	(18.0, 6565.0)	(19.0, 4387.0)	(20.0, 3684.0)	(21.0, 3722.0)	(22.0, 3958.0)	(23.0, 4263.0)	(24.0, 4679.0)	(25.0, 5533.0)	(26.0, 7080.0)	(27.0, 10084.0)	(28.0, 14153.0)	(29.0, 18322.0)	(30.0, 23371.0)	(31.0, 31981.0)	(32.0, 49429.0)	(33.0, 80107.0)	(34.0, 136696.0)	(35.0, 270495.0)	(36.0, 1501130.0)	(37.0, 785321.0)											
DRR898364_1	(15.0, 5.0)	(16.0, 202.0)	(17.0, 1507.0)	(18.0, 4237.0)	(19.0, 4191.0)	(20.0, 3501.0)	(21.0, 3766.0)	(22.0, 3942.0)	(23.0, 4166.0)	(24.0, 4801.0)	(25.0, 5536.0)	(26.0, 6335.0)	(27.0, 7739.0)	(28.0, 10838.0)	(29.0, 17663.0)	(30.0, 23444.0)	(31.0, 32631.0)	(32.0, 55176.0)	(33.0, 90090.0)	(34.0, 147137.0)	(35.0, 271522.0)	(36.0, 1548922.0)	(37.0, 1036479.0)													
DRR898364_2	(13.0, 2.0)	(14.0, 148.0)	(15.0, 1511.0)	(16.0, 4881.0)	(17.0, 6979.0)	(18.0, 7836.0)	(19.0, 5128.0)	(20.0, 4358.0)	(21.0, 4373.0)	(22.0, 4519.0)	(23.0, 4844.0)	(24.0, 5393.0)	(25.0, 6272.0)	(26.0, 7931.0)	(27.0, 10544.0)	(28.0, 14244.0)	(29.0, 18727.0)	(30.0, 23726.0)	(31.0, 33698.0)	(32.0, 52884.0)	(33.0, 87865.0)	(34.0, 149812.0)	(35.0, 296788.0)	(36.0, 1677243.0)	(37.0, 854124.0)											
DRR898365_1	(15.0, 1.0)	(16.0, 191.0)	(17.0, 1544.0)	(18.0, 4223.0)	(19.0, 4007.0)	(20.0, 3515.0)	(21.0, 3538.0)	(22.0, 3738.0)	(23.0, 3990.0)	(24.0, 4422.0)	(25.0, 5085.0)	(26.0, 6022.0)	(27.0, 7583.0)	(28.0, 10309.0)	(29.0, 17102.0)	(30.0, 22778.0)	(31.0, 31256.0)	(32.0, 52662.0)	(33.0, 84931.0)	(34.0, 138345.0)	(35.0, 254041.0)	(36.0, 1439395.0)	(37.0, 895375.0)													
DRR898365_2	(13.0, 2.0)	(14.0, 118.0)	(15.0, 1330.0)	(16.0, 4215.0)	(17.0, 6109.0)	(18.0, 7140.0)	(19.0, 4691.0)	(20.0, 3970.0)	(21.0, 3730.0)	(22.0, 4008.0)	(23.0, 4287.0)	(24.0, 4852.0)	(25.0, 5603.0)	(26.0, 7164.0)	(27.0, 9850.0)	(28.0, 13493.0)	(29.0, 18166.0)	(30.0, 22964.0)	(31.0, 31790.0)	(32.0, 50480.0)	(33.0, 82983.0)	(34.0, 139284.0)	(35.0, 275668.0)	(36.0, 1526224.0)	(37.0, 765932.0)											
DRR898366_1	(15.0, 4.0)	(16.0, 195.0)	(17.0, 1610.0)	(18.0, 4435.0)	(19.0, 4135.0)	(20.0, 3554.0)	(21.0, 3567.0)	(22.0, 3858.0)	(23.0, 3935.0)	(24.0, 4351.0)	(25.0, 5131.0)	(26.0, 6035.0)	(27.0, 7345.0)	(28.0, 9391.0)	(29.0, 13656.0)	(30.0, 19942.0)	(31.0, 29881.0)	(32.0, 51984.0)	(33.0, 85050.0)	(34.0, 139908.0)	(35.0, 258521.0)	(36.0, 1489317.0)	(37.0, 950416.0)													
DRR898366_2	(13.0, 2.0)	(14.0, 116.0)	(15.0, 1228.0)	(16.0, 3874.0)	(17.0, 5712.0)	(18.0, 6414.0)	(19.0, 4346.0)	(20.0, 3653.0)	(21.0, 3530.0)	(22.0, 3793.0)	(23.0, 4166.0)	(24.0, 4481.0)	(25.0, 5112.0)	(26.0, 6215.0)	(27.0, 8180.0)	(28.0, 11165.0)	(29.0, 14850.0)	(30.0, 20105.0)	(31.0, 29511.0)	(32.0, 46945.0)	(33.0, 79300.0)	(34.0, 135681.0)	(35.0, 271954.0)	(36.0, 1574513.0)	(37.0, 851375.0)											
DRR898368_1	(15.0, 3.0)	(16.0, 56.0)	(17.0, 608.0)	(18.0, 2048.0)	(19.0, 1947.0)	(20.0, 1749.0)	(21.0, 1795.0)	(22.0, 1877.0)	(23.0, 2199.0)	(24.0, 2481.0)	(25.0, 2766.0)	(26.0, 3336.0)	(27.0, 4148.0)	(28.0, 5516.0)	(29.0, 8569.0)	(30.0, 12311.0)	(31.0, 18130.0)	(32.0, 31142.0)	(33.0, 53430.0)	(34.0, 89564.0)	(35.0, 172033.0)	(36.0, 1108890.0)	(37.0, 766049.0)													
DRR898368_2	(13.0, 3.0)	(14.0, 55.0)	(15.0, 747.0)	(16.0, 2137.0)	(17.0, 3014.0)	(18.0, 3521.0)	(19.0, 2412.0)	(20.0, 2033.0)	(21.0, 2132.0)	(22.0, 2215.0)	(23.0, 2343.0)	(24.0, 2581.0)	(25.0, 2981.0)	(26.0, 3236.0)	(27.0, 4175.0)	(28.0, 5330.0)	(29.0, 7059.0)	(30.0, 9555.0)	(31.0, 14709.0)	(32.0, 25763.0)	(33.0, 46703.0)	(34.0, 87472.0)	(35.0, 194038.0)	(36.0, 1187279.0)	(37.0, 679154.0)											
DRR898372_1	(15.0, 2.0)	(16.0, 83.0)	(17.0, 761.0)	(18.0, 2488.0)	(19.0, 2507.0)	(20.0, 1970.0)	(21.0, 2021.0)	(22.0, 2223.0)	(23.0, 2452.0)	(24.0, 2715.0)	(25.0, 3170.0)	(26.0, 3749.0)	(27.0, 4552.0)	(28.0, 6101.0)	(29.0, 9213.0)	(30.0, 13734.0)	(31.0, 20745.0)	(32.0, 35419.0)	(33.0, 58218.0)	(34.0, 97172.0)	(35.0, 181308.0)	(36.0, 1084198.0)	(37.0, 756564.0)													
DRR898372_2	(13.0, 1.0)	(14.0, 78.0)	(15.0, 845.0)	(16.0, 2624.0)	(17.0, 3902.0)	(18.0, 4372.0)	(19.0, 2865.0)	(20.0, 2521.0)	(21.0, 2530.0)	(22.0, 2617.0)	(23.0, 2921.0)	(24.0, 3139.0)	(25.0, 3488.0)	(26.0, 4054.0)	(27.0, 5029.0)	(28.0, 6356.0)	(29.0, 8375.0)	(30.0, 11518.0)	(31.0, 17422.0)	(32.0, 29607.0)	(33.0, 51820.0)	(34.0, 97824.0)	(35.0, 213798.0)	(36.0, 1183395.0)	(37.0, 630264.0)											
DRR898376_1	(16.0, 2.0)	(17.0, 10.0)	(18.0, 106.0)	(19.0, 421.0)	(20.0, 781.0)	(21.0, 996.0)	(22.0, 1075.0)	(23.0, 1250.0)	(24.0, 1435.0)	(25.0, 1766.0)	(26.0, 2028.0)	(27.0, 2481.0)	(28.0, 3279.0)	(29.0, 4451.0)	(30.0, 6710.0)	(31.0, 14515.0)	(32.0, 37218.0)	(33.0, 50228.0)	(34.0, 46523.0)	(35.0, 44699.0)	(36.0, 48871.0)	(37.0, 67941.0)	(38.0, 161059.0)	(39.0, 1027634.0)	(40.0, 192047.0)											
DRR898376_2	(15.0, 13.0)	(16.0, 144.0)	(17.0, 531.0)	(18.0, 963.0)	(19.0, 1233.0)	(20.0, 1449.0)	(21.0, 1457.0)	(22.0, 1364.0)	(23.0, 1287.0)	(24.0, 1474.0)	(25.0, 1736.0)	(26.0, 2154.0)	(27.0, 2563.0)	(28.0, 3436.0)	(29.0, 4776.0)	(30.0, 7350.0)	(31.0, 10935.0)	(32.0, 16563.0)	(33.0, 24016.0)	(34.0, 33982.0)	(35.0, 46158.0)	(36.0, 72515.0)	(37.0, 108439.0)	(38.0, 222455.0)	(39.0, 999814.0)	(40.0, 150719.0)										
DRR898377_1	(17.0, 25.0)	(18.0, 131.0)	(19.0, 433.0)	(20.0, 905.0)	(21.0, 1172.0)	(22.0, 1235.0)	(23.0, 1396.0)	(24.0, 1611.0)	(25.0, 1916.0)	(26.0, 2283.0)	(27.0, 2707.0)	(28.0, 3529.0)	(29.0, 4537.0)	(30.0, 6362.0)	(31.0, 12439.0)	(32.0, 28286.0)	(33.0, 33553.0)	(34.0, 31443.0)	(35.0, 34549.0)	(36.0, 44030.0)	(37.0, 68765.0)	(38.0, 182282.0)	(39.0, 1178129.0)	(40.0, 204013.0)												
DRR898377_2	(14.0, 2.0)	(15.0, 17.0)	(16.0, 170.0)	(17.0, 663.0)	(18.0, 1220.0)	(19.0, 1593.0)	(20.0, 1850.0)	(21.0, 1792.0)	(22.0, 1631.0)	(23.0, 1598.0)	(24.0, 1828.0)	(25.0, 2001.0)	(26.0, 2282.0)	(27.0, 2624.0)	(28.0, 3356.0)	(29.0, 4146.0)	(30.0, 5460.0)	(31.0, 7425.0)	(32.0, 11161.0)	(33.0, 16052.0)	(34.0, 23481.0)	(35.0, 34453.0)	(36.0, 57762.0)	(37.0, 100442.0)	(38.0, 251617.0)	(39.0, 1156322.0)	(40.0, 154783.0)									
DRR898379_1	(16.0, 4.0)	(17.0, 59.0)	(18.0, 417.0)	(19.0, 1542.0)	(20.0, 2924.0)	(21.0, 3461.0)	(22.0, 3539.0)	(23.0, 3708.0)	(24.0, 4244.0)	(25.0, 4852.0)	(26.0, 5509.0)	(27.0, 6168.0)	(28.0, 7539.0)	(29.0, 8866.0)	(30.0, 10789.0)	(31.0, 13123.0)	(32.0, 18609.0)	(33.0, 25825.0)	(34.0, 32499.0)	(35.0, 44836.0)	(36.0, 71390.0)	(37.0, 118768.0)	(38.0, 290636.0)	(39.0, 1982475.0)	(40.0, 1092407.0)											
DRR898379_2	(15.0, 50.0)	(16.0, 491.0)	(17.0, 1952.0)	(18.0, 3774.0)	(19.0, 4913.0)	(20.0, 5653.0)	(21.0, 5211.0)	(22.0, 4847.0)	(23.0, 4611.0)	(24.0, 5066.0)	(25.0, 5497.0)	(26.0, 6046.0)	(27.0, 6425.0)	(28.0, 7514.0)	(29.0, 8762.0)	(30.0, 10247.0)	(31.0, 12110.0)	(32.0, 15559.0)	(33.0, 20174.0)	(34.0, 27768.0)	(35.0, 40349.0)	(36.0, 68861.0)	(37.0, 124961.0)	(38.0, 317390.0)	(39.0, 2063911.0)	(40.0, 982047.0)										
DRR898407_1	(17.0, 32.0)	(18.0, 313.0)	(19.0, 1126.0)	(20.0, 2063.0)	(21.0, 2479.0)	(22.0, 2739.0)	(23.0, 2922.0)	(24.0, 3461.0)	(25.0, 3832.0)	(26.0, 4463.0)	(27.0, 5133.0)	(28.0, 6491.0)	(29.0, 8410.0)	(30.0, 11051.0)	(31.0, 15991.0)	(32.0, 33670.0)	(33.0, 60470.0)	(34.0, 71520.0)	(35.0, 74891.0)	(36.0, 80838.0)	(37.0, 110077.0)	(38.0, 257661.0)	(39.0, 1466659.0)	(40.0, 240911.0)												
DRR898407_2	(14.0, 1.0)	(15.0, 28.0)	(16.0, 201.0)	(17.0, 846.0)	(18.0, 1706.0)	(19.0, 2557.0)	(20.0, 3063.0)	(21.0, 2956.0)	(22.0, 2829.0)	(23.0, 2884.0)	(24.0, 3285.0)	(25.0, 3729.0)	(26.0, 4313.0)	(27.0, 5134.0)	(28.0, 6383.0)	(29.0, 8189.0)	(30.0, 11035.0)	(31.0, 14792.0)	(32.0, 21794.0)	(33.0, 31030.0)	(34.0, 44647.0)	(35.0, 63090.0)	(36.0, 104110.0)	(37.0, 170060.0)	(38.0, 366216.0)	(39.0, 1416460.0)	(40.0, 175865.0)									
DRR898409_1	(17.0, 41.0)	(18.0, 390.0)	(19.0, 1256.0)	(20.0, 2284.0)	(21.0, 2612.0)	(22.0, 2684.0)	(23.0, 2826.0)	(24.0, 3274.0)	(25.0, 3784.0)	(26.0, 4433.0)	(27.0, 5224.0)	(28.0, 6630.0)	(29.0, 7993.0)	(30.0, 10457.0)	(31.0, 15527.0)	(32.0, 34154.0)	(33.0, 80644.0)	(34.0, 87987.0)	(35.0, 89705.0)	(36.0, 91402.0)	(37.0, 116391.0)	(38.0, 196582.0)	(39.0, 1253873.0)	(40.0, 979204.0)												
DRR898409_2	(14.0, 2.0)	(15.0, 21.0)	(16.0, 195.0)	(17.0, 793.0)	(18.0, 1897.0)	(19.0, 2688.0)	(20.0, 3110.0)	(21.0, 2811.0)	(22.0, 2654.0)	(23.0, 2734.0)	(24.0, 3117.0)	(25.0, 3470.0)	(26.0, 3968.0)	(27.0, 4777.0)	(28.0, 6176.0)	(29.0, 8356.0)	(30.0, 12488.0)	(31.0, 18691.0)	(32.0, 28503.0)	(33.0, 42800.0)	(34.0, 61760.0)	(35.0, 81280.0)	(36.0, 120060.0)	(37.0, 168700.0)	(38.0, 286120.0)	(39.0, 1335710.0)	(40.0, 796476.0)									
DRR898410_1	(17.0, 63.0)	(18.0, 450.0)	(19.0, 1575.0)	(20.0, 3161.0)	(21.0, 3566.0)	(22.0, 3665.0)	(23.0, 3894.0)	(24.0, 4380.0)	(25.0, 4822.0)	(26.0, 5635.0)	(27.0, 6385.0)	(28.0, 7516.0)	(29.0, 8901.0)	(30.0, 10803.0)	(31.0, 13094.0)	(32.0, 17520.0)	(33.0, 23930.0)	(34.0, 31078.0)	(35.0, 44293.0)	(36.0, 71290.0)	(37.0, 120373.0)	(38.0, 292746.0)	(39.0, 2256229.0)	(40.0, 1337270.0)												
DRR898410_2	(14.0, 4.0)	(15.0, 100.0)	(16.0, 763.0)	(17.0, 2617.0)	(18.0, 5179.0)	(19.0, 6781.0)	(20.0, 7852.0)	(21.0, 7115.0)	(22.0, 6384.0)	(23.0, 6220.0)	(24.0, 6481.0)	(25.0, 7084.0)	(26.0, 7785.0)	(27.0, 8233.0)	(28.0, 9505.0)	(29.0, 11080.0)	(30.0, 12692.0)	(31.0, 14821.0)	(32.0, 18789.0)	(33.0, 24152.0)	(34.0, 32378.0)	(35.0, 47022.0)	(36.0, 77915.0)	(37.0, 138798.0)	(38.0, 350657.0)	(39.0, 2362297.0)	(40.0, 1099935.0)									
DRR898411_1	(16.0, 2.0)	(17.0, 0.0)	(18.0, 1.0)	(19.0, 5.0)	(20.0, 15.0)	(21.0, 43.0)	(22.0, 88.0)	(23.0, 184.0)	(24.0, 484.0)	(25.0, 964.0)	(26.0, 1820.0)	(27.0, 2527.0)	(28.0, 3954.0)	(29.0, 5660.0)	(30.0, 7628.0)	(31.0, 9697.0)	(32.0, 12415.0)	(33.0, 15240.0)	(34.0, 18816.0)	(35.0, 23535.0)	(36.0, 29650.0)	(37.0, 40672.0)	(38.0, 64635.0)	(39.0, 135888.0)	(40.0, 705209.0)											
DRR898411_2	(12.0, 2.0)	(13.0, 15.0)	(14.0, 68.0)	(15.0, 95.0)	(16.0, 166.0)	(17.0, 364.0)	(18.0, 694.0)	(19.0, 1186.0)	(20.0, 1834.0)	(21.0, 2600.0)	(22.0, 3529.0)	(23.0, 4431.0)	(24.0, 5476.0)	(25.0, 6543.0)	(26.0, 7948.0)	(27.0, 9259.0)	(28.0, 10432.0)	(29.0, 12110.0)	(30.0, 14184.0)	(31.0, 16225.0)	(32.0, 18992.0)	(33.0, 22340.0)	(34.0, 27488.0)	(35.0, 34001.0)	(36.0, 43194.0)	(37.0, 58875.0)	(38.0, 88420.0)	(39.0, 169271.0)	(40.0, 519390.0)							
DRR898421_1	(17.0, 24.0)	(18.0, 253.0)	(19.0, 1036.0)	(20.0, 1851.0)	(21.0, 2274.0)	(22.0, 2365.0)	(23.0, 2717.0)	(24.0, 2838.0)	(25.0, 3324.0)	(26.0, 3792.0)	(27.0, 4080.0)	(28.0, 4973.0)	(29.0, 6044.0)	(30.0, 7151.0)	(31.0, 8839.0)	(32.0, 12544.0)	(33.0, 20514.0)	(34.0, 31738.0)	(35.0, 40881.0)	(36.0, 54186.0)	(37.0, 73060.0)	(38.0, 140461.0)	(39.0, 968133.0)	(40.0, 839466.0)												
DRR898421_2	(14.0, 1.0)	(15.0, 17.0)	(16.0, 110.0)	(17.0, 406.0)	(18.0, 938.0)	(19.0, 1597.0)	(20.0, 2041.0)	(21.0, 1994.0)	(22.0, 1946.0)	(23.0, 1916.0)	(24.0, 2157.0)	(25.0, 2364.0)	(26.0, 2761.0)	(27.0, 3203.0)	(28.0, 4343.0)	(29.0, 6763.0)	(30.0, 10977.0)	(31.0, 17814.0)	(32.0, 24493.0)	(33.0, 28336.0)	(34.0, 32829.0)	(35.0, 39144.0)	(36.0, 52775.0)	(37.0, 79225.0)	(38.0, 149483.0)	(39.0, 1046201.0)	(40.0, 718710.0)									
DRR898438_1	(16.0, 1.0)	(17.0, 9.0)	(18.0, 135.0)	(19.0, 532.0)	(20.0, 1158.0)	(21.0, 1163.0)	(22.0, 1239.0)	(23.0, 1245.0)	(24.0, 1423.0)	(25.0, 1619.0)	(26.0, 1937.0)	(27.0, 2128.0)	(28.0, 2548.0)	(29.0, 2993.0)	(30.0, 3782.0)	(31.0, 4515.0)	(32.0, 6066.0)	(33.0, 8867.0)	(34.0, 13259.0)	(35.0, 18108.0)	(36.0, 27861.0)	(37.0, 45940.0)	(38.0, 109353.0)	(39.0, 999120.0)	(40.0, 1286266.0)											
DRR898438_2	(14.0, 2.0)	(15.0, 56.0)	(16.0, 540.0)	(17.0, 2150.0)	(18.0, 3680.0)	(19.0, 4009.0)	(20.0, 3888.0)	(21.0, 3331.0)	(22.0, 2854.0)	(23.0, 2740.0)	(24.0, 2923.0)	(25.0, 3160.0)	(26.0, 3315.0)	(27.0, 3501.0)	(28.0, 4130.0)	(29.0, 4613.0)	(30.0, 5146.0)	(31.0, 6020.0)	(32.0, 7479.0)	(33.0, 9548.0)	(34.0, 12894.0)	(35.0, 18414.0)	(36.0, 30538.0)	(37.0, 55239.0)	(38.0, 143390.0)	(39.0, 1184169.0)	(40.0, 1023538.0)									
