Sample	0	1	2	3	4	5	6	7	8	9	10	11	12	13	14	15	16	17	18	19	20	21	22	23	24	25	26	27	28	29	30	31	32	33	34	35	36	37	38	39	40	41	42	43	44	45	46	47	48	49	50	51	52	53	54	55	56	57	58	59	60	61	62	63	64	65	66	67
DRR898354_1	(1, 33.49866763398285)	(2, 33.522863717143046)	(3, 33.57558113100875)	(4, 33.590331055395986)	(5, 33.6235571800493)	(6, 37.047011368600835)	(7, 37.10611484836924)	(8, 36.9562068686038)	(9, 36.88901430613185)	(10, 36.83532825821807)	(15, 36.851171948357965)	(20, 36.80225652197119)	(25, 36.547757809859114)	(30, 36.530775875872514)	(35, 36.41370015838898)	(40, 36.43950096325311)	(45, 36.47037717815381)	(50, 36.43832971706366)	(55, 36.213298483772036)	(60, 36.333795427420085)	(65, 36.333178763407204)	(70, 36.17594224631473)	(75, 36.1464795800164)	(80, 36.18458443572757)	(85, 36.06267974617843)	(90, 36.02118709048888)	(95, 35.9709992340144)	(100, 36.004586274055534)	(105, 35.93334786667337)	(110, 35.81125565364208)	(115, 35.77132687796821)	(120, 35.72726583656307)	(125, 35.64184565870747)	(130, 35.45932930807361)	(135, 35.34529556120568)	(140, 35.308802574999866)	(145, 35.26484723264949)	(150, 35.10980827271547)	(155, 34.82790689104721)	(160, 34.798668682870684)	(165, 34.63617936346606)	(170, 34.097032373732915)	(175, 34.05096653406397)	(180, 33.964266117029084)	(185, 33.90816175022034)	(190, 33.6333760250334)	(195, 33.33430924398332)	(200, 33.002660502513024)	(205, 33.0288025554252)	(210, 32.62729427181932)	(215, 32.16596000069605)	(220, 31.45129367842307)	(225, 31.20597833915379)	(230, 30.703228510130362)	(235, 29.14820345927771)	(240, 29.207050694570206)	(245, 28.275343450058422)	(250, 27.628617567172977)	(255, 26.372333130986313)	(260, 25.246640864913026)	(265, 24.33131288810562)	(270, 23.4944972870857)	(275, 22.220242487589957)	(280, 21.13011511949939)	(285, 20.64079827137177)	(290, 19.525292265757628)	(295, 19.078973613943088)	(300, 16.821975842662038)
DRR898354_2	(1, 32.72996064182878)	(2, 32.85538392502377)	(3, 32.86261803991958)	(4, 32.977843978753306)	(5, 32.95618018174738)	(6, 35.98445144672414)	(7, 36.154959702846796)	(8, 35.83091701969094)	(9, 36.04554457989946)	(10, 35.95933357977492)	(15, 35.92568461670756)	(20, 35.84099575580142)	(25, 35.96914683108406)	(30, 35.89623221123338)	(35, 35.786551513876475)	(40, 35.712303171342356)	(45, 35.39087858892094)	(50, 35.35338420120006)	(55, 35.386896067801025)	(60, 35.13856301970189)	(65, 35.240452156479556)	(70, 35.16342450823372)	(75, 34.90383516144457)	(80, 34.700024965775356)	(85, 34.707561922077375)	(90, 34.54096554088049)	(95, 34.356840248252354)	(100, 34.05039105727683)	(105, 33.976172857828594)	(110, 33.7914128696014)	(115, 33.61072514163765)	(120, 33.27207017769566)	(125, 33.08067776355762)	(130, 32.461653671465825)	(135, 32.399642446474004)	(140, 31.77984812278517)	(145, 31.701084404374917)	(150, 31.10102042704549)	(155, 30.475281199334496)	(160, 30.3235033328896)	(165, 30.014948969290465)	(170, 28.87781842702027)	(175, 28.647863507703697)	(180, 27.579709772699594)	(185, 27.159866029644938)	(190, 26.11005656565815)	(195, 24.841524655824344)	(200, 23.335614125448977)	(205, 23.210973724323008)	(210, 21.99366457862832)	(215, 20.893234068647835)	(220, 19.58567267325244)	(225, 18.792308235600956)	(230, 17.7047420778842)	(235, 17.037105588604494)	(240, 15.909881313652864)	(245, 15.548531330315786)	(250, 14.687048616692039)	(255, 13.903843554813898)	(260, 13.670039392235447)	(265, 12.803283193375421)	(270, 12.47253702017236)	(275, 12.408827310254102)	(280, 12.209190684173539)	(285, 10.855511102694786)	(290, 10.176411088990477)	(295, 10.717641254255756)	(300, 9.860778613207152)
DRR898355_1	(1, 38.547599824139326)	(2, 39.141295055884655)	(3, 39.196465497970195)	(4, 39.28547353250748)	(5, 39.30218809085946)	(6, 39.25319615444705)	(7, 39.242862391145465)	(8, 39.25176099811208)	(9, 39.246288202490604)	(10, 39.264145359265584)	(15, 39.474233966264094)	(20, 39.520748902907826)	(25, 39.32532957049112)	(30, 39.29144124627261)	(35, 39.3378084514447)	(40, 39.35037462504725)	(45, 39.343523002356974)	(50, 39.34087928213133)	(55, 39.32541466665297)	(60, 39.3208415096385)	(65, 39.30766017793671)	(70, 39.29897271715021)	(75, 39.28593068524375)	(80, 39.25665108695999)	(85, 39.23638431297248)	(90, 39.201937585047446)	(95, 39.16310185075295)	(100, 39.14617146982895)	(105, 39.10809926279516)	(110, 39.070584963486944)	(115, 39.03497806524204)	(120, 38.9948213210878)	(125, 38.94485180620323)	(130, 38.894361653019516)	(135, 38.838340603587575)	(140, 38.81857859650851)	(145, 38.77285127762924)	(150, 38.36272965246968)																														
DRR898355_2	(1, 37.352286773356894)	(2, 38.4874153688203)	(3, 38.61725184744051)	(4, 38.82895281768555)	(5, 38.93792692003972)	(6, 38.96150727196655)	(7, 38.99601621007486)	(8, 39.01259897920033)	(9, 39.04736937012898)	(10, 39.132214707323406)	(15, 39.202785429071355)	(20, 39.25741468507512)	(25, 38.95346515326342)	(30, 38.90566987719866)	(35, 38.958134176312015)	(40, 38.983564962346186)	(45, 39.00547995191819)	(50, 39.02427054485988)	(55, 39.036675878922544)	(60, 39.04765094560541)	(65, 39.04884328383325)	(70, 39.04836529989666)	(75, 39.03310474515613)	(80, 39.01792765692572)	(85, 39.00591641516299)	(90, 38.98327559288324)	(95, 38.97171994505948)	(100, 38.93690406559135)	(105, 38.910582781170724)	(110, 38.85513451889315)	(115, 38.82130252394082)	(120, 38.783585510128816)	(125, 38.73726265982543)	(130, 38.67923657193548)	(135, 38.6299967158975)	(140, 38.573252951352416)	(145, 38.55409363199418)	(150, 38.18343182688564)																														
DRR898359_1	(1, 38.75563109946051)	(2, 39.27463112530111)	(3, 39.33779935628171)	(4, 39.4094754643414)	(5, 39.42485924045835)	(6, 39.385378234741836)	(7, 39.379641619459704)	(8, 39.38669782852746)	(9, 39.383231741456086)	(10, 39.39672490374373)	(15, 39.58072152723743)	(20, 39.6198467364746)	(25, 39.47915828521716)	(30, 39.45560060754144)	(35, 39.497704033144885)	(40, 39.503516217853566)	(45, 39.49313036013196)	(50, 39.48647473793316)	(55, 39.46888934189711)	(60, 39.4632117580515)	(65, 39.45321339462343)	(70, 39.44247036225663)	(75, 39.42784848215132)	(80, 39.4005235881696)	(85, 39.37507070277844)	(90, 39.33808991957828)	(95, 39.28970596257706)	(100, 39.26221729655545)	(105, 39.21134414236453)	(110, 39.155594578065916)	(115, 39.09561220710387)	(120, 39.035561846627374)	(125, 38.964139780469665)	(130, 38.89387675177798)	(135, 38.81467539887852)	(140, 38.767350562320374)	(145, 38.69851623220946)	(150, 38.308814806094944)																														
DRR898359_2	(1, 38.03567956495898)	(2, 38.94569394956487)	(3, 39.02722624027747)	(4, 39.16358541326312)	(5, 39.2422821277732)	(6, 39.261089497514995)	(7, 39.279832552851225)	(8, 39.294872935981324)	(9, 39.32788919546698)	(10, 39.380157742564364)	(15, 39.431966441661956)	(20, 39.47257226039295)	(25, 39.27359543367721)	(30, 39.241118266726765)	(35, 39.27526577066747)	(40, 39.28364593771264)	(45, 39.297900306929016)	(50, 39.31018573655786)	(55, 39.31335827430668)	(60, 39.31578889944845)	(65, 39.30971348506556)	(70, 39.299059344395026)	(75, 39.27750253381531)	(80, 39.25260734619813)	(85, 39.23324687256847)	(90, 39.20005397816182)	(95, 39.17414928407156)	(100, 39.13221996675175)	(105, 39.088551404149996)	(110, 39.0192119762611)	(115, 38.974009285392306)	(120, 38.923579211516866)	(125, 38.862493159416466)	(130, 38.78565099672973)	(135, 38.725612350662814)	(140, 38.660685580078614)	(145, 38.62376405800929)	(150, 38.25106276684018)																														
DRR898360_1	(1, 38.57711708533851)	(2, 39.15216632849819)	(3, 39.20354995383222)	(4, 39.34505367467353)	(5, 39.35079478237414)	(6, 39.316069499179655)	(7, 39.296874374734145)	(8, 39.31586674630547)	(9, 39.304154507175646)	(10, 39.329132238448054)	(15, 39.53639737191961)	(20, 39.58255886576959)	(25, 39.40104785293895)	(30, 39.374303918851425)	(35, 39.42192416627514)	(40, 39.43596877487168)	(45, 39.43131150578098)	(50, 39.4259470915782)	(55, 39.40845117850108)	(60, 39.404353554770694)	(65, 39.39454742979608)	(70, 39.38520253796799)	(75, 39.37243622103027)	(80, 39.344463201390816)	(85, 39.32344685814561)	(90, 39.29164169061512)	(95, 39.25152982082752)	(100, 39.23695414198333)	(105, 39.19923048762955)	(110, 39.16248976972431)	(115, 39.12751549177206)	(120, 39.09046696891863)	(125, 39.04082500263075)	(130, 38.989725349889504)	(135, 38.93653912107815)	(140, 38.920091001655514)	(145, 38.875758552154764)	(150, 38.470649298294234)																														
DRR898360_2	(1, 37.3354051278099)	(2, 38.31007850745428)	(3, 38.43330957014316)	(4, 38.77095654003999)	(5, 38.87716051120995)	(6, 38.90602018932494)	(7, 38.959156856322615)	(8, 38.9893990481879)	(9, 39.02588982278391)	(10, 39.12460936724208)	(15, 39.19993858129308)	(20, 39.259924264094515)	(25, 38.93165716386078)	(30, 38.88620376367434)	(35, 38.94469595220486)	(40, 38.974992685778986)	(45, 39.00486494257559)	(50, 39.03055420601055)	(55, 39.04660820230231)	(60, 39.06338108203043)	(65, 39.06595284217141)	(70, 39.0676520535398)	(75, 39.05551166199554)	(80, 39.04136828547841)	(85, 39.02902763100756)	(90, 39.00670110106075)	(95, 38.99526062192369)	(100, 38.960998943254395)	(105, 38.936430749074056)	(110, 38.88070299519944)	(115, 38.84572148454232)	(120, 38.81076428051631)	(125, 38.76580602419103)	(130, 38.709760268440064)	(135, 38.65961450275895)	(140, 38.60448232063114)	(145, 38.586678958312646)	(150, 38.21821544864261)																														
DRR898362_1	(1, 31.582074376894425)	(2, 31.61213121320757)	(3, 35.507538885103635)	(4, 36.091859978170106)	(5, 36.20231274250783)	(6, 39.74994992923012)	(7, 39.87475647398284)	(8, 39.98092423454011)	(9, 40.01432024018637)	(10, 39.949474232958934)	(15, 39.9065188788364)	(20, 39.87735565004317)	(25, 39.79570790485691)	(30, 39.7032598227351)	(35, 39.692999387651255)	(40, 39.66277916251008)	(45, 39.60392296096972)	(50, 39.548119974356105)	(55, 39.521611598402714)	(60, 39.46373295078307)	(65, 39.40908470632655)	(70, 39.32840953194132)	(75, 38.86371100589063)	(80, 39.215968407021215)	(85, 39.12681483781383)	(90, 38.940750898638555)	(95, 38.745952125635945)	(100, 38.53547444569981)	(105, 38.31113755997711)	(110, 37.989746656278776)	(115, 37.64773320760539)	(120, 37.30228667695873)	(125, 36.975260152387634)	(130, 36.65297219131729)	(135, 36.336341508524484)	(140, 35.848146806539)	(145, 35.48184984902106)	(150, 31.94658886291917)																														
DRR898362_2	(1, 31.44603760530434)	(2, 31.291661515845842)	(3, 34.70706539290461)	(4, 35.53888702021901)	(5, 35.80678001347359)	(6, 39.09861450106993)	(7, 39.199672168222456)	(8, 39.213400662946576)	(9, 39.272784596027115)	(10, 39.26016791196744)	(15, 39.14701180520218)	(20, 39.109398547037294)	(25, 39.03304737892696)	(30, 38.966447792717545)	(35, 38.8508640442041)	(40, 38.799278214279894)	(45, 38.72531357718038)	(50, 38.6307154705742)	(55, 38.546724700845125)	(60, 38.41567267803393)	(65, 38.16473072467018)	(70, 38.11970833417184)	(75, 37.23402454953077)	(80, 37.60176852834102)	(85, 37.41791259033103)	(90, 36.91177214110279)	(95, 36.73011107565431)	(100, 36.305527429678115)	(105, 35.75464182389847)	(110, 35.36579893303741)	(115, 35.06284451804129)	(120, 34.764988313626056)	(125, 34.4351801541509)	(130, 34.12358635123519)	(135, 33.6018481624267)	(140, 33.1772648039382)	(145, 32.52641973392058)	(150, 28.485318483636682)																														
DRR898363_1	(1, 34.926755587027564)	(2, 35.892212895579824)	(3, 36.00364607967494)	(4, 36.09231662778948)	(5, 36.135731983918824)	(6, 36.09724894655373)	(7, 36.03670534677732)	(8, 36.004443218708346)	(9, 35.994015914563356)	(10, 36.05193248269338)	(15, 36.314390425463294)	(20, 36.362823155394075)	(25, 36.17566465204025)	(30, 36.16790771326912)	(35, 36.24535932729931)	(40, 36.2607900981425)	(45, 36.273635558649005)	(50, 36.27928070043428)	(55, 36.268614355355375)	(60, 36.25150102657265)	(65, 36.250513555058696)	(70, 36.24831038773273)	(75, 36.220934960442015)	(80, 36.196206720019774)	(85, 36.1892684863697)	(90, 36.14596922431956)	(95, 36.12221085318399)	(100, 36.09335314367718)	(105, 36.05603736240702)	(110, 36.009014758997296)	(115, 35.93116568398762)	(120, 35.87075752730361)	(125, 35.796739892827965)	(130, 35.71880871888034)	(135, 35.5925930902524)	(140, 35.50053686793224)	(145, 35.353691832029064)	(150, 34.940909423775636)																														
DRR898363_2	(1, 33.658463379305154)	(2, 35.67317534774477)	(3, 35.7322462726276)	(4, 35.89166467353915)	(5, 35.95054110052887)	(6, 35.99818300672916)	(7, 36.0159931687234)	(8, 36.0318210646257)	(9, 36.07294074095971)	(10, 36.17092770456206)	(15, 36.25557110493615)	(20, 36.298651414090386)	(25, 36.06650840338393)	(30, 36.03903878402201)	(35, 36.10524338102506)	(40, 36.12773015919938)	(45, 36.15307985230253)	(50, 36.159729731908676)	(55, 36.17394641935761)	(60, 36.182644741368186)	(65, 36.18120203057144)	(70, 36.16002923850884)	(75, 36.14467734176807)	(80, 36.14190317700048)	(85, 36.13219729543793)	(90, 36.076207230618735)	(95, 36.04998703347379)	(100, 35.97087503224835)	(105, 35.90287084264953)	(110, 35.818768677172464)	(115, 35.75028123253214)	(120, 35.65285485284001)	(125, 35.55088568764243)	(130, 35.4287750059122)	(135, 35.282329379326654)	(140, 35.12528056069141)	(145, 34.993288042309835)	(150, 34.594572836941566)																														
DRR898364_1	(1, 34.941698260872215)	(2, 35.89740059625498)	(3, 36.005042282944004)	(4, 36.088934871780815)	(5, 36.135600198548644)	(6, 36.09399664416246)	(7, 36.038268119847864)	(8, 36.00201989749774)	(9, 35.99985656991988)	(10, 36.049634116260584)	(15, 36.310443354254026)	(20, 36.362952954324676)	(25, 36.17358681783162)	(30, 36.16619508318031)	(35, 36.24684883200409)	(40, 36.26204261487349)	(45, 36.280324072805236)	(50, 36.28683019522935)	(55, 36.278074930797274)	(60, 36.261255607019855)	(65, 36.258597004108005)	(70, 36.2551112572819)	(75, 36.23206183024091)	(80, 36.20812051781)	(85, 36.201931037843)	(90, 36.16326807416949)	(95, 36.144045398208796)	(100, 36.118918945256)	(105, 36.083966283272886)	(110, 36.04032029672669)	(115, 35.969543429471074)	(120, 35.91990109110399)	(125, 35.85539750839721)	(130, 35.78851128103465)	(135, 35.67723767673723)	(140, 35.5998027303484)	(145, 35.47219983982119)	(150, 35.07223181467981)																														
DRR898364_2	(1, 33.60523474114068)	(2, 35.61234929944607)	(3, 35.69209946921735)	(4, 35.82542793019127)	(5, 35.8447757648843)	(6, 35.89087894318524)	(7, 35.972491876863295)	(8, 35.990589037800376)	(9, 36.01798935998514)	(10, 36.12124884662118)	(15, 36.212433043123426)	(20, 36.26769844967614)	(25, 36.0164068785534)	(30, 35.98744265080713)	(35, 36.05802029946739)	(40, 36.087499231080784)	(45, 36.11797462109793)	(50, 36.131617105635804)	(55, 36.147890359732386)	(60, 36.1610101619146)	(65, 36.16116522475281)	(70, 36.141077095951985)	(75, 36.12992724958356)	(80, 36.12869320275411)	(85, 36.125539385412765)	(90, 36.071722470408034)	(95, 36.0546605640365)	(100, 35.97967062850391)	(105, 35.9230708045179)	(110, 35.84893633348864)	(115, 35.79014047621223)	(120, 35.704941425104224)	(125, 35.62150458458568)	(130, 35.51524323731739)	(135, 35.38807258597431)	(140, 35.253082650441705)	(145, 35.142886081191776)	(150, 34.76526251358931)																														
DRR898365_1	(1, 34.97600910872319)	(2, 35.90239017144987)	(3, 36.00689299755215)	(4, 36.08816443797087)	(5, 36.12942857056973)	(6, 36.090592918695826)	(7, 36.02447518464102)	(8, 35.98957934278385)	(9, 35.9781112759193)	(10, 36.02827685415055)	(15, 36.29238173138551)	(20, 36.341897488120615)	(25, 36.15406140105068)	(30, 36.145293219592304)	(35, 36.2251751054507)	(40, 36.238595575963416)	(45, 36.25339030404606)	(50, 36.25960716126268)	(55, 36.251252265741456)	(60, 36.23427975389881)	(65, 36.2338159678536)	(70, 36.23070820723614)	(75, 36.20494132869392)	(80, 36.17855822859515)	(85, 36.17001482605686)	(90, 36.13036262217135)	(95, 36.1084133113208)	(100, 36.08321061784812)	(105, 36.043818663196674)	(110, 35.99981169338018)	(115, 35.92175455811905)	(120, 35.865438854956814)	(125, 35.79592913017906)	(130, 35.71871646894694)	(135, 35.59671061267118)	(140, 35.506845937596964)	(145, 35.36413350064278)	(150, 34.95016303986603)																														
DRR898365_2	(1, 33.660445556574984)	(2, 35.66052638346749)	(3, 35.72851582787612)	(4, 35.885224810649646)	(5, 35.950109099605115)	(6, 35.99393330712583)	(7, 36.012132049766656)	(8, 36.02054238852819)	(9, 36.06621826667731)	(10, 36.15603638278948)	(15, 36.24321546746167)	(20, 36.282037024728695)	(25, 36.054092562823705)	(30, 36.02315937627022)	(35, 36.092038784884565)	(40, 36.11348015549491)	(45, 36.13590260426251)	(50, 36.142095146612306)	(55, 36.154345831553414)	(60, 36.16461759360973)	(65, 36.165124064270074)	(70, 36.14172461208936)	(75, 36.1284149612582)	(80, 36.12607031338456)	(85, 36.11818107428292)	(90, 36.060486437614834)	(95, 36.03773173019984)	(100, 35.96029596002476)	(105, 35.894445956701496)	(110, 35.812862564557136)	(115, 35.744491897772015)	(120, 35.653556900963345)	(125, 35.552003722045)	(130, 35.432536564983984)	(135, 35.2877735297271)	(140, 35.12834555700918)	(145, 34.9932637131006)	(150, 34.59185074546109)																														
DRR898366_1	(1, 34.999110205634544)	(2, 35.90121473887039)	(3, 36.01120882520983)	(4, 36.09247724887855)	(5, 36.13656873976373)	(6, 36.09261386703339)	(7, 36.03196606443791)	(8, 36.00101317057148)	(9, 35.99153032034858)	(10, 36.04365560468713)	(15, 36.30035058866922)	(20, 36.35027984113537)	(25, 36.16311561739294)	(30, 36.15369820177565)	(35, 36.231072911139094)	(40, 36.24962119952032)	(45, 36.280616984381936)	(50, 36.300821549882905)	(55, 36.29511394696955)	(60, 36.27625728266813)	(65, 36.279510086650795)	(70, 36.272578087933645)	(75, 36.24366690878978)	(80, 36.22006342570508)	(85, 36.21285780310901)	(90, 36.17768718705803)	(95, 36.15454723677671)	(100, 36.12594934276332)	(105, 36.08856764423469)	(110, 36.04706485745042)	(115, 35.97758473959062)	(120, 35.92771497900182)	(125, 35.866097736563376)	(130, 35.79689143636711)	(135, 35.69088769826185)	(140, 35.60829507971169)	(145, 35.47151001172074)	(150, 35.04889476558682)																														
DRR898366_2	(1, 33.75011505961622)	(2, 35.69922560437385)	(3, 35.77879615182508)	(4, 35.92897567712382)	(5, 35.98961379048847)	(6, 36.02185115338989)	(7, 36.046910734085195)	(8, 36.05243230376643)	(9, 36.0951233778209)	(10, 36.19438715776425)	(15, 36.27831211014976)	(20, 36.319907009221886)	(25, 36.12223914249015)	(30, 36.097671387152275)	(35, 36.15865902337075)	(40, 36.180675281254146)	(45, 36.202387620263536)	(50, 36.21814683125009)	(55, 36.22626421046818)	(60, 36.233607097167805)	(65, 36.23772379297215)	(70, 36.217478855676)	(75, 36.205672915466955)	(80, 36.204176187681696)	(85, 36.200080226831346)	(90, 36.15249925635153)	(95, 36.13865315169686)	(100, 36.070246083855125)	(105, 36.01512075526908)	(110, 35.94695087979831)	(115, 35.88842792552599)	(120, 35.8068899474553)	(125, 35.72088129368026)	(130, 35.61062327269275)	(135, 35.47556224184255)	(140, 35.32768765537085)	(145, 35.20260911608054)	(150, 34.81031102108021)																														
DRR898368_1	(1, 35.16622770771751)	(2, 36.007142086930024)	(3, 36.126253848803415)	(4, 36.20772122461471)	(5, 36.25097581600308)	(6, 36.217773842936076)	(7, 36.16549123457259)	(8, 36.13175884368041)	(9, 36.13239621818639)	(10, 36.1813354916755)	(15, 36.4138239545421)	(20, 36.46052124137853)	(25, 36.30437330588257)	(30, 36.30361570333622)	(35, 36.372096442620794)	(40, 36.39250927794636)	(45, 36.41862364650686)	(50, 36.43299941021031)	(55, 36.42534925721859)	(60, 36.409282617531204)	(65, 36.40816485473319)	(70, 36.403711178544754)	(75, 36.37854719649077)	(80, 36.35851303147102)	(85, 36.350936656761164)	(90, 36.32224083413987)	(95, 36.29874851952308)	(100, 36.2743951381422)	(105, 36.24413993077066)	(110, 36.202279530630435)	(115, 36.14438226405029)	(120, 36.09962984257287)	(125, 36.04659102864824)	(130, 35.99086284355468)	(135, 35.89559910365936)	(140, 35.833190709873676)	(145, 35.71852817129833)	(150, 35.34362976923114)																														
DRR898368_2	(1, 34.11007806964582)	(2, 35.867293825718235)	(3, 35.950101434223605)	(4, 36.08240684837079)	(5, 36.128148946564)	(6, 36.16334162356749)	(7, 36.178989604247185)	(8, 36.184406850990136)	(9, 36.21918785391202)	(10, 36.31029250687688)	(15, 36.3832598388141)	(20, 36.42101938884515)	(25, 36.24658989359775)	(30, 36.224644827422125)	(35, 36.27785320042765)	(40, 36.29858140516632)	(45, 36.32528311869966)	(50, 36.33843913968411)	(55, 36.3499076898361)	(60, 36.357465205245504)	(65, 36.35920654732047)	(70, 36.34140913025883)	(75, 36.33061322848959)	(80, 36.33115499681968)	(85, 36.3289001753653)	(90, 36.28889287611753)	(95, 36.28248857200607)	(100, 36.22570094824738)	(105, 36.188352810363185)	(110, 36.13627101862487)	(115, 36.10329736532953)	(120, 36.04930388663116)	(125, 35.99604530946933)	(130, 35.92710504935941)	(135, 35.84395858462696)	(140, 35.753622186220746)	(145, 35.68522823464288)	(150, 35.33284351539107)																														
DRR898372_1	(1, 34.9883318458648)	(2, 35.93686732580798)	(3, 36.058074117392906)	(4, 36.14048307449926)	(5, 36.19480047919035)	(6, 36.15774963831603)	(7, 36.106240166887424)	(8, 36.07735825588677)	(9, 36.071578295033746)	(10, 36.13529751916434)	(15, 36.375274214278384)	(20, 36.424705535783254)	(25, 36.249409238597956)	(30, 36.24626744320525)	(35, 36.319562095083064)	(40, 36.341163804108035)	(45, 36.37328090461362)	(50, 36.39468535130807)	(55, 36.39249626314445)	(60, 36.37488658507046)	(65, 36.37446971564985)	(70, 36.36907581288882)	(75, 36.34117261981395)	(80, 36.32125663087287)	(85, 36.313782221514245)	(90, 36.277273852048886)	(95, 36.2543164445647)	(100, 36.225369157685485)	(105, 36.18693381456031)	(110, 36.14213257163307)	(115, 36.073929208135766)	(120, 36.01494070128505)	(125, 35.95217366067824)	(130, 35.87483006853993)	(135, 35.75791757314963)	(140, 35.662597185520426)	(145, 35.51796069155286)	(150, 35.12072956512821)																														
DRR898372_2	(1, 33.787847854881264)	(2, 35.715825719603814)	(3, 35.7790954300166)	(4, 35.933664867884424)	(5, 35.994850667615154)	(6, 36.0350310840918)	(7, 36.05770359589153)	(8, 36.08306053378663)	(9, 36.11951129566874)	(10, 36.22110165774549)	(15, 36.302804921957)	(20, 36.345731561754675)	(25, 36.137061009485606)	(30, 36.11413703185656)	(35, 36.17756795621823)	(40, 36.2054695781772)	(45, 36.231630665563976)	(50, 36.25328919661424)	(55, 36.26459058246941)	(60, 36.273941340641926)	(65, 36.27969363239816)	(70, 36.26307611401937)	(75, 36.253312152363335)	(80, 36.25263203374408)	(85, 36.249348925203975)	(90, 36.2060460031466)	(95, 36.19563474173692)	(100, 36.13497037791884)	(105, 36.0889328413413)	(110, 36.03032009304498)	(115, 35.98423935077999)	(120, 35.919397738902354)	(125, 35.853409736117996)	(130, 35.769855784652385)	(135, 35.66866719182671)	(140, 35.55908779264762)	(145, 35.47306238857624)	(150, 35.090851304789936)																														
DRR898376_1	(1, 38.703076401754615)	(2, 39.27002560659926)	(3, 39.27665258051407)	(4, 39.22890483171725)	(5, 38.99433254576641)	(6, 39.11796851983609)	(7, 39.14354484298928)	(8, 38.9453504633991)	(9, 38.994642293624665)	(10, 38.97725542437204)	(15, 39.14519815129436)	(20, 39.502690264950864)	(25, 39.35585673812216)	(30, 39.34172245427435)	(35, 39.36812647959915)	(40, 39.40692950208614)	(45, 39.29254054960449)	(50, 39.33819947994965)	(55, 39.289822221031876)	(60, 39.3111966863966)	(65, 39.27645927921906)	(70, 39.23786981972908)	(75, 39.18139975755825)	(80, 39.123054905719044)	(85, 38.98037758962601)	(90, 38.84658561209554)	(95, 38.64752114378472)	(100, 38.43895603327111)	(105, 38.17720884574673)	(110, 38.00517814577479)	(115, 37.74422908299496)	(120, 37.488508470905245)	(125, 37.274015065856354)	(130, 37.064171837864464)	(135, 36.841193437537484)	(140, 36.68729789243365)	(145, 36.45186786109788)	(150, 36.08745544463373)																														
DRR898376_2	(1, 38.509192873936115)	(2, 39.14206247823905)	(3, 39.18708304852445)	(4, 39.33437048405672)	(5, 39.369327742345675)	(6, 39.374234800521215)	(7, 39.35751773190042)	(8, 39.41810953662419)	(9, 39.378067056917914)	(10, 39.38146659788556)	(15, 39.398701387926586)	(20, 39.411078493134895)	(25, 39.2898487708483)	(30, 39.28361841392793)	(35, 39.278794498598565)	(40, 39.13608900243723)	(45, 39.26976313604568)	(50, 39.24080986255812)	(55, 39.25987030181785)	(60, 39.13669219563488)	(65, 39.13476640237178)	(70, 39.07381291462254)	(75, 38.991975900219266)	(80, 38.88159131215481)	(85, 38.77776569321221)	(90, 38.64999470168137)	(95, 38.48643874968996)	(100, 38.29063478515027)	(105, 38.16431867698073)	(110, 37.965517610796)	(115, 37.81823366866062)	(120, 37.59744073743279)	(125, 37.45180730888499)	(130, 37.27933271461393)	(135, 37.12614958958409)	(140, 37.111427483484974)	(145, 37.08209156659055)	(150, 36.62692617171443)																														
DRR898377_1	(1, 38.69633440625963)	(2, 39.227959003776824)	(3, 39.24226444698604)	(4, 39.218971778661135)	(5, 38.98629648632439)	(6, 39.09034198374519)	(7, 39.072059796362524)	(8, 38.88239185450101)	(9, 38.91835809226805)	(10, 38.91467694913289)	(15, 39.09748777042809)	(20, 39.46737937435087)	(25, 39.307506890223976)	(30, 39.29143412555784)	(35, 39.31091887170991)	(40, 39.33144884059487)	(45, 39.1563151943593)	(50, 39.15172991080499)	(55, 39.08989056368452)	(60, 39.12058626094485)	(65, 39.082271902026896)	(70, 39.08124726734285)	(75, 39.075000636604145)	(80, 39.04867697405527)	(85, 38.95600323124009)	(90, 38.91168409697838)	(95, 38.8279752574996)	(100, 38.75144926319165)	(105, 38.62280018052468)	(110, 38.57141674491029)	(115, 38.41887837393423)	(120, 38.272586200264286)	(125, 38.14446157105233)	(130, 38.01152323930193)	(135, 37.84503397298956)	(140, 37.72637832923649)	(145, 37.503605238249776)	(150, 37.13643808333934)																														
DRR898377_2	(1, 38.468483218843915)	(2, 39.00540111207971)	(3, 39.037480542939356)	(4, 39.24509476191276)	(5, 39.28886712094016)	(6, 39.28261485557755)	(7, 39.24169665027027)	(8, 39.32028014916583)	(9, 39.256241564995115)	(10, 39.26747938892504)	(15, 39.283790108092674)	(20, 39.31785964476947)	(25, 39.16638708457516)	(30, 39.16042695278998)	(35, 39.162179970970854)	(40, 39.011733779191005)	(45, 39.15851226424652)	(50, 39.12135495367418)	(55, 39.16944473490449)	(60, 39.057412374826015)	(65, 39.08512367186768)	(70, 39.05970783391513)	(75, 39.03220480124135)	(80, 38.9690241969171)	(85, 38.92927300890541)	(90, 38.86390703737435)	(95, 38.770249619256546)	(100, 38.6478192109251)	(105, 38.59839965845511)	(110, 38.46711335508804)	(115, 38.38138753697044)	(120, 38.22196343887598)	(125, 38.11496258122121)	(130, 37.97530322674322)	(135, 37.847446242166384)	(140, 37.84484824711726)	(145, 37.81521185914957)	(150, 37.432981295757614)																														
DRR898379_1	(1, 38.65270714926712)	(2, 39.194026193140516)	(3, 39.27576794881664)	(4, 39.32597426501436)	(5, 39.28614568952176)	(6, 39.24370829492069)	(7, 39.24025455298069)	(8, 39.2114675100268)	(9, 39.21380729632951)	(10, 39.19470777843097)	(15, 39.44390823157811)	(20, 39.4897298990541)	(25, 39.304868028754015)	(30, 39.28032030353294)	(35, 39.35347229454884)	(40, 39.34574332831939)	(45, 39.338863333732)	(50, 39.304640336434844)	(55, 39.2599417876937)	(60, 39.23051695053179)	(65, 39.223719636917586)	(70, 39.239525340892534)	(75, 39.20020265362239)	(80, 39.199274836722395)	(85, 39.19145019070697)	(90, 39.13943352345873)	(95, 39.13616964942362)	(100, 39.13010985861394)	(105, 39.092238350280184)	(110, 39.02416186292166)	(115, 39.016520159214146)	(120, 38.973951711008695)	(125, 38.93273460659545)	(130, 38.84281084409975)	(135, 38.74824149769764)	(140, 38.74356991616565)	(145, 38.70240736414709)	(150, 38.314761989873176)																														
DRR898379_2	(1, 37.94605013226558)	(2, 38.81614484513167)	(3, 38.9381546853395)	(4, 39.08310636465026)	(5, 39.1146295511494)	(6, 39.09611476673124)	(7, 39.16639039749997)	(8, 39.2120929447079)	(9, 39.2475999476851)	(10, 39.29423819631883)	(15, 39.329349055148796)	(20, 39.40546221833797)	(25, 39.15300268579979)	(30, 39.107173773083886)	(35, 39.159585625550555)	(40, 39.17307200037079)	(45, 39.14356980961801)	(50, 39.155821723413496)	(55, 39.17440661618262)	(60, 39.166500141575185)	(65, 39.145050608799934)	(70, 39.14606686024598)	(75, 39.12873241064848)	(80, 39.112610260165376)	(85, 39.12310935863911)	(90, 39.074691231581575)	(95, 39.02181568376019)	(100, 39.01691918014784)	(105, 38.99921266617104)	(110, 39.00159080962626)	(115, 38.960430601655915)	(120, 38.93320490790421)	(125, 38.897106458944926)	(130, 38.83741335345663)	(135, 38.783282674367214)	(140, 38.76633083736594)	(145, 38.701155216213145)	(150, 38.27957569530996)																														
DRR898407_1	(1, 38.53315029205136)	(2, 39.130065908642294)	(3, 39.134872971539025)	(4, 39.07705365144255)	(5, 38.812895412335344)	(6, 38.931121598020106)	(7, 38.96507583688898)	(8, 38.740504125521895)	(9, 38.81212855204861)	(10, 38.78395413753956)	(15, 38.98368152113953)	(20, 39.36421348385196)	(25, 39.15651075327)	(30, 39.12899327700234)	(35, 39.168705615225015)	(40, 39.2067402641777)	(45, 39.10004162608427)	(50, 39.131198202985324)	(55, 39.075050573463145)	(60, 39.1028608509312)	(65, 39.08510454956483)	(70, 39.061364306058316)	(75, 39.02681149463582)	(80, 38.98891595057237)	(85, 38.87140474456298)	(90, 38.78175099495258)	(95, 38.620015296674005)	(100, 38.45194027406743)	(105, 38.23230403011021)	(110, 38.09771307833203)	(115, 37.86600972842526)	(120, 37.64028918577028)	(125, 37.44398527401272)	(130, 37.24851728860576)	(135, 37.028371317641884)	(140, 36.87129984845187)	(145, 36.61553005569464)	(150, 36.23107259516141)																														
DRR898407_2	(1, 38.27514963300547)	(2, 38.95549008330486)	(3, 38.99048436630468)	(4, 39.16050685736034)	(5, 39.18295981319737)	(6, 39.19143418680992)	(7, 39.17504801996431)	(8, 39.24355474600185)	(9, 39.21160925955424)	(10, 39.20907748571966)	(15, 39.23186685489601)	(20, 39.254686217550805)	(25, 39.083535809578706)	(30, 39.074323110015676)	(35, 39.07724220503947)	(40, 38.92289090115406)	(45, 39.0743373771838)	(50, 39.046853623313524)	(55, 39.07955818795615)	(60, 38.9508383379884)	(65, 38.96516711433959)	(70, 38.920530171210075)	(75, 38.86241480737499)	(80, 38.76594799860409)	(85, 38.68816972093501)	(90, 38.57653042737059)	(95, 38.430097888175396)	(100, 38.24949353579741)	(105, 38.14795799129622)	(110, 37.961761233266984)	(115, 37.8378213710019)	(120, 37.632249312277914)	(125, 37.5008131880514)	(130, 37.328271731187094)	(135, 37.18183740859588)	(140, 37.174483169808084)	(145, 37.14732188636282)	(150, 36.71945762063357)																														
DRR898409_1	(1, 38.698028944203706)	(2, 39.236329653322365)	(3, 39.31393562020126)	(4, 39.36318617623711)	(5, 39.37702514238885)	(6, 39.336499122978694)	(7, 39.35652741570944)	(8, 39.37764394168484)	(9, 39.38449207613498)	(10, 39.39457370363048)	(15, 39.557862035096186)	(20, 39.59718139587918)	(25, 39.457890074439284)	(30, 39.42874289389359)	(35, 39.462622155348626)	(40, 39.46704070239054)	(45, 39.460708145112434)	(50, 39.4539258914494)	(55, 39.43905777138234)	(60, 39.433806112443435)	(65, 39.42285283145688)	(70, 39.40703504117716)	(75, 39.38028610798914)	(80, 39.3265351206942)	(85, 39.255437748824164)	(90, 39.1445945247598)	(95, 38.986065746758385)	(100, 38.81853877347712)	(105, 38.594998594698794)	(110, 38.338682590968666)	(115, 38.057692765482734)	(120, 37.76080913342426)	(125, 37.44867396578667)	(130, 37.1353854842888)	(135, 36.830100051444354)	(140, 36.57546254080458)	(145, 36.331304609621334)	(150, 35.83377903997423)																														
DRR898409_2	(1, 38.38173248466254)	(2, 39.21321803306509)	(3, 39.30877984848086)	(4, 39.35150500590627)	(5, 39.424181916324066)	(6, 39.44961136670293)	(7, 39.47508482651448)	(8, 39.48796225324295)	(9, 39.50922681094648)	(10, 39.54340000206711)	(15, 39.586243851598866)	(20, 39.60277086055445)	(25, 39.46416008497822)	(30, 39.43352698595065)	(35, 39.45448281081579)	(40, 39.454279300530075)	(45, 39.454272899158056)	(50, 39.44883560043036)	(55, 39.432948728677516)	(60, 39.41305953242645)	(65, 39.373312880060624)	(70, 39.31724686324436)	(75, 39.241217634312946)	(80, 39.14257955955227)	(85, 39.03951520275846)	(90, 38.89788177932803)	(95, 38.752598506946654)	(100, 38.57185976861041)	(105, 38.38031284705355)	(110, 38.1491950441378)	(115, 37.93626407259956)	(120, 37.710939378006685)	(125, 37.4746253947096)	(130, 37.24240522218595)	(135, 37.03993035840682)	(140, 36.846247245659654)	(145, 36.709101850830024)	(150, 36.09814370213349)																														
DRR898410_1	(1, 38.67193273290816)	(2, 39.18423859352499)	(3, 39.242577245585224)	(4, 39.32884430442169)	(5, 39.344366795322514)	(6, 39.30135450245153)	(7, 39.28557409132857)	(8, 39.29511760764249)	(9, 39.287846223376235)	(10, 39.30991501973371)	(15, 39.505245165809704)	(20, 39.54935523455176)	(25, 39.37322034461606)	(30, 39.34165502866027)	(35, 39.38428544981217)	(40, 39.3965808953202)	(45, 39.38785654486607)	(50, 39.38746821343905)	(55, 39.37333811726196)	(60, 39.370175294472574)	(65, 39.358735994311715)	(70, 39.349777970944885)	(75, 39.33461226188311)	(80, 39.308452129936555)	(85, 39.2914851921728)	(90, 39.25821376437373)	(95, 39.21956561272788)	(100, 39.203301566081294)	(105, 39.16804859947213)	(110, 39.13081315786333)	(115, 39.09573151394255)	(120, 39.05603595342364)	(125, 39.006638847794065)	(130, 38.95627896482712)	(135, 38.89996959724423)	(140, 38.881917803025246)	(145, 38.83162532570619)	(150, 38.43343095449908)																														
DRR898410_2	(1, 37.78275487351026)	(2, 38.62638196206139)	(3, 38.75475180561709)	(4, 38.9442070813846)	(5, 39.0408831637777)	(6, 39.06677254970523)	(7, 39.09840920330503)	(8, 39.120895540203605)	(9, 39.14956260053798)	(10, 39.22701262615447)	(15, 39.29272189857369)	(20, 39.333675510615336)	(25, 39.05412593949548)	(30, 39.00658829355815)	(35, 39.05407351288044)	(40, 39.074182490025485)	(45, 39.09492451854697)	(50, 39.112710060456784)	(55, 39.120720847232825)	(60, 39.12935888101008)	(65, 39.13013423319874)	(70, 39.12943405703127)	(75, 39.11399114224254)	(80, 39.099052459147615)	(85, 39.085671033756896)	(90, 39.06483669694537)	(95, 39.05204572630639)	(100, 39.01967023191054)	(105, 38.99371868299662)	(110, 38.93856504141819)	(115, 38.906373695507625)	(120, 38.870628293193036)	(125, 38.824737966395006)	(130, 38.76850077902673)	(135, 38.71955089114713)	(140, 38.66473549485458)	(145, 38.64654495734369)	(150, 38.28446213218575)																														
DRR898411_1	(1, 31.418648506392174)	(2, 31.625782573401587)	(3, 35.52495338846406)	(4, 36.194190330747304)	(5, 36.39173798942113)	(6, 39.88156870521864)	(7, 39.96410077729138)	(8, 40.03234173391207)	(9, 40.04850843084998)	(10, 40.09510254537907)	(15, 40.09226248503427)	(20, 40.023350433496546)	(25, 39.92671665746174)	(30, 39.87602962380876)	(35, 39.856015204812756)	(40, 39.84009500227961)	(45, 39.80854353313589)	(50, 39.79183362183681)	(55, 39.69661524262092)	(60, 39.72691496499038)	(65, 39.67456048008955)	(70, 39.634985896072024)	(75, 39.40701452648981)	(80, 39.68460855576519)	(85, 39.63015386440213)	(90, 39.58887365030414)	(95, 39.54879922011394)	(100, 39.48421008736651)	(105, 39.47436532324127)	(110, 39.41674549545375)	(115, 39.33039368677789)	(120, 39.24930888899597)	(125, 39.206640522197475)	(130, 39.084081650808244)	(135, 38.987797229625286)	(140, 38.87597272622811)	(145, 38.721840330932636)	(150, 37.80770100414036)																														
DRR898411_2	(1, 31.285430327337156)	(2, 31.315125489745462)	(3, 34.90208241438489)	(4, 35.644841409577324)	(5, 35.83237453805466)	(6, 39.09170147859576)	(7, 39.21076754280292)	(8, 39.34034112601609)	(9, 39.407752712365124)	(10, 39.37904093289792)	(15, 39.261919394476294)	(20, 39.17469262333061)	(25, 39.106945582190136)	(30, 39.09664767609523)	(35, 38.945358306490775)	(40, 38.892223194196816)	(45, 38.86912129378056)	(50, 38.79350181442122)	(55, 38.73538844182176)	(60, 38.66560253981904)	(65, 38.58156407186516)	(70, 38.475433589218)	(75, 38.12471727277108)	(80, 38.49116512159773)	(85, 38.4246459191276)	(90, 38.38142154991234)	(95, 38.31203874966176)	(100, 38.239515647761344)	(105, 38.08960553481872)	(110, 37.944162530626464)	(115, 37.869146869891736)	(120, 37.761866203578435)	(125, 37.50881949566874)	(130, 37.29779545041755)	(135, 37.082748542347)	(140, 36.708280914661046)	(145, 36.39888465915199)	(150, 34.44502062768966)																														
DRR898421_1	(1, 38.78706623475282)	(2, 39.245320137027534)	(3, 39.31537833072943)	(4, 39.34138991213611)	(5, 39.35408036750899)	(6, 39.33280956612725)	(7, 39.36717753379105)	(8, 39.38800489486433)	(9, 39.39242586036378)	(10, 39.4352930110224)	(15, 39.56255930454226)	(20, 39.57381820918199)	(25, 39.438670682414326)	(30, 39.424585226539776)	(35, 39.432032694540396)	(40, 39.41909839178981)	(45, 39.40872905528402)	(50, 39.39342436252097)	(55, 39.35331657517165)	(60, 39.35915529548354)	(65, 39.33905177232789)	(70, 39.32360643284074)	(75, 39.29664579959007)	(80, 39.27448220505396)	(85, 39.236556860693454)	(90, 39.19219258388637)	(95, 39.138742707870485)	(100, 39.08779903106053)	(105, 38.98724181919819)	(110, 38.91884361517622)	(115, 38.818266874023536)	(120, 38.688683940831616)	(125, 38.540155445984496)	(130, 38.399776936087264)	(135, 38.22278369429673)	(140, 38.0415547465134)	(145, 37.824375779379935)	(150, 37.35731165880718)																														
DRR898421_2	(1, 38.32120218011381)	(2, 39.18480889962303)	(3, 39.32443526309)	(4, 39.35197514584259)	(5, 39.32050880072241)	(6, 39.34452624449955)	(7, 39.465495864807146)	(8, 39.498851534393054)	(9, 39.52371465019279)	(10, 39.568399458196566)	(15, 39.57670603580489)	(20, 39.61186162512363)	(25, 39.46388855046082)	(30, 39.46843815844167)	(35, 39.4874095202603)	(40, 39.478965341780494)	(45, 39.46537886823283)	(50, 39.444393301990914)	(55, 39.441331503432856)	(60, 39.442152808634454)	(65, 39.39760524316654)	(70, 39.382901479209366)	(75, 39.35572100706638)	(80, 39.30317216592372)	(85, 39.2367811787808)	(90, 39.15963510685568)	(95, 39.06174695773073)	(100, 38.93430758811472)	(105, 38.808225056258685)	(110, 38.65177017787779)	(115, 38.477660462682934)	(120, 38.284987529921025)	(125, 38.08506923043846)	(130, 37.871714420858)	(135, 37.61328475497011)	(140, 37.42899723364914)	(145, 37.205675856780424)	(150, 36.761274133902845)																														
DRR898438_1	(1, 38.77493234673885)	(2, 39.313478670285335)	(3, 39.41575678588673)	(4, 39.458557483334104)	(5, 39.449704419094886)	(6, 39.4327443751483)	(7, 39.4297930913989)	(8, 39.44332413713317)	(9, 39.42512848905684)	(10, 39.40420931763565)	(15, 39.61379233272222)	(20, 39.68922997858942)	(25, 39.568126607711825)	(30, 39.55660133311455)	(35, 39.60562679954526)	(40, 39.59369857634007)	(45, 39.6134189756527)	(50, 39.59458742430449)	(55, 39.629014660797154)	(60, 39.63101004341535)	(65, 39.61545418092629)	(70, 39.59271276886686)	(75, 39.60423395101735)	(80, 39.604745506867246)	(85, 39.58780576775286)	(90, 39.574980354287845)	(95, 39.56361499991933)	(100, 39.557909814277686)	(105, 39.53722438452945)	(110, 39.46656734613088)	(115, 39.490810213960195)	(120, 39.48152382256568)	(125, 39.44778883918927)	(130, 39.41055386938878)	(135, 39.35961581368663)	(140, 39.28069297716454)	(145, 39.22899592998296)	(150, 39.082243620996934)																														
DRR898438_2	(1, 37.98667751165068)	(2, 38.89369121780592)	(3, 39.065821891206234)	(4, 39.219480676371276)	(5, 39.27166724315076)	(6, 39.29391756159428)	(7, 39.346467726531685)	(8, 39.3488783350982)	(9, 39.36821278519731)	(10, 39.431093859873826)	(15, 39.46023428470916)	(20, 39.463612127336475)	(25, 39.26051154797981)	(30, 39.21767559252923)	(35, 39.26474187875575)	(40, 39.28869009041553)	(45, 39.28342531501019)	(50, 39.313643942175304)	(55, 39.318987418480624)	(60, 39.33793340093741)	(65, 39.34327152558153)	(70, 39.3161190854798)	(75, 39.32086097210565)	(80, 39.31568119367229)	(85, 39.31675168331388)	(90, 39.32193256355983)	(95, 39.31417706207179)	(100, 39.3032445626532)	(105, 39.25685321534495)	(110, 39.23418121747931)	(115, 39.21667876693004)	(120, 39.19586599912564)	(125, 39.14602157112968)	(130, 39.173180464705204)	(135, 39.11219435029849)	(140, 39.08165792889925)	(145, 38.97593727853075)	(150, 38.7498586335084)																														
