Sample	0	1	2	3	4	5	6	7	8	9	10	11	12	13	14	15	16	17	18	19	20	21	22	23	24	25	26	27	28	29	30	31	32	33	34	35	36	37	38	39	40	41	42	43	44	45	46	47	48	49	50	51	52	53	54	55	56	57	58	59	60	61	62	63	64	65	66	67	68	69	70	71	72	73	74	75	76	77	78	79	80	81	82	83	84	85	86	87	88	89	90	91	92	93	94	95	96	97	98	99	100
DRR898354_1	(0.0, 141.0)	(1.0, 70.5)	(2.0, 0.0)	(3.0, 0.0)	(4.0, 0.0)	(5.0, 0.0)	(6.0, 0.0)	(7.0, 0.0)	(8.0, 0.0)	(9.0, 0.0)	(10.0, 0.0)	(11.0, 0.0)	(12.0, 0.0)	(13.0, 0.0)	(14.0, 0.0)	(15.0, 0.0)	(16.0, 0.0)	(17.0, 0.0)	(18.0, 0.0)	(19.0, 0.0)	(20.0, 0.0)	(21.0, 1.0)	(22.0, 2.0)	(23.0, 2.0)	(24.0, 4.25)	(25.0, 6.083333333333333)	(26.0, 8.833333333333334)	(27.0, 12.166666666666668)	(28.0, 14.333333333333334)	(29.0, 20.416666666666668)	(30.0, 28.666666666666664)	(31.0, 47.91666666666668)	(32.0, 85.49999999999997)	(33.0, 125.33333333333324)	(34.0, 179.25000000000017)	(35.0, 247.1666666666671)	(36.0, 366.9166666666662)	(37.0, 537.666666666665)	(38.0, 742.500000000003)	(39.0, 983.0833333333416)	(40.0, 1324.0833333333308)	(41.0, 1798.4999999999773)	(42.0, 2387.999999999996)	(43.0, 3146.416666666721)	(44.0, 4157.250000000123)	(45.0, 5410.749999999907)	(46.0, 6967.333333333042)	(47.0, 8905.49999999973)	(48.0, 11076.91666666703)	(49.0, 13717.416666667734)	(50.0, 16687.75000000155)	(51.0, 20289.666666666246)	(52.0, 24677.166666664012)	(53.0, 29033.33333332817)	(54.0, 33305.49999999334)	(55.0, 38146.833333332164)	(56.0, 43168.66666667111)	(57.0, 47297.25000000926)	(58.0, 50642.83333334659)	(59.0, 53313.666666682955)	(60.0, 54635.083333350936)	(61.0, 54793.333333351075)	(62.0, 53513.83333334876)	(63.0, 50734.416666678524)	(64.0, 47016.750000008215)	(65.0, 42010.58333333634)	(66.0, 36402.83333333107)	(67.0, 31048.74999999548)	(68.0, 25777.416666664503)	(69.0, 20590.833333333045)	(70.0, 16098.583333334154)	(71.0, 12001.750000000222)	(72.0, 8601.833333333252)	(73.0, 6078.083333333304)	(74.0, 4115.833333333351)	(75.0, 2633.6666666666674)	(76.0, 1738.583333333332)	(77.0, 1126.9166666666667)	(78.0, 692.0833333333333)	(79.0, 432.75)	(80.0, 267.75)	(81.0, 157.75)	(82.0, 87.0)	(83.0, 55.25)	(84.0, 37.0)	(85.0, 20.5)	(86.0, 11.5)	(87.0, 5.75)	(88.0, 1.5)	(89.0, 0.75)	(90.0, 0.75)	(91.0, 0.75)	(92.0, 0.0)	(93.0, 0.25)	(94.0, 0.25)	(95.0, 0.0)	(96.0, 0.0)	(97.0, 0.0)	(98.0, 0.0)	(99.0, 0.0)	(100.0, 0.0)
DRR898354_2	(0.0, 129.0)	(1.0, 64.5)	(2.0, 0.0)	(3.0, 0.0)	(4.0, 0.0)	(5.0, 0.0)	(6.0, 0.0)	(7.0, 0.0)	(8.0, 0.0)	(9.0, 0.0)	(10.0, 0.0)	(11.0, 0.3333333333333333)	(12.0, 0.5833333333333333)	(13.0, 0.25)	(14.0, 0.0)	(15.0, 0.25)	(16.0, 1.3333333333333333)	(17.0, 1.25)	(18.0, 0.5)	(19.0, 0.0)	(20.0, 0.0)	(21.0, 0.75)	(22.0, 2.5)	(23.0, 2.0)	(24.0, 3.0)	(25.0, 5.75)	(26.0, 8.166666666666666)	(27.0, 8.75)	(28.0, 12.250000000000002)	(29.0, 34.416666666666664)	(30.0, 42.166666666666664)	(31.0, 50.00000000000001)	(32.0, 84.83333333333331)	(33.0, 120.16666666666661)	(34.0, 158.9166666666667)	(35.0, 239.91666666666706)	(36.0, 352.1666666666661)	(37.0, 488.9999999999983)	(38.0, 672.000000000001)	(39.0, 943.8333333333394)	(40.0, 1280.7499999999955)	(41.0, 1720.916666666648)	(42.0, 2362.24999999999)	(43.0, 3092.250000000039)	(44.0, 4070.333333333432)	(45.0, 5319.666666666597)	(46.0, 6817.91666666644)	(47.0, 8641.333333333052)	(48.0, 10681.750000000267)	(49.0, 13302.500000000779)	(50.0, 16280.500000001339)	(51.0, 19772.083333333285)	(52.0, 23815.49999999833)	(53.0, 28066.916666663095)	(54.0, 32461.916666661506)	(55.0, 37023.91666666425)	(56.0, 41451.33333333646)	(57.0, 45251.91666667268)	(58.0, 48284.00000000813)	(59.0, 50549.166666677396)	(60.0, 51917.583333344846)	(61.0, 52178.41666667806)	(62.0, 50767.83333334326)	(63.0, 47910.666666673875)	(64.0, 44271.5833333384)	(65.0, 39581.16666666763)	(66.0, 34234.16666666305)	(67.0, 29084.916666663834)	(68.0, 24271.16666666527)	(69.0, 19625.74999999991)	(70.0, 15237.00000000053)	(71.0, 11422.583333333496)	(72.0, 8229.916666666562)	(73.0, 5797.833333333304)	(74.0, 3990.000000000018)	(75.0, 2578.166666666671)	(76.0, 1608.499999999998)	(77.0, 1039.8333333333337)	(78.0, 655.75)	(79.0, 417.1666666666666)	(80.0, 261.6666666666667)	(81.0, 152.91666666666666)	(82.0, 83.41666666666667)	(83.0, 54.16666666666667)	(84.0, 38.33333333333333)	(85.0, 21.833333333333332)	(86.0, 12.25)	(87.0, 9.083333333333334)	(88.0, 4.083333333333334)	(89.0, 5.416666666666666)	(90.0, 3.7500000000000004)	(91.0, 1.0833333333333333)	(92.0, 1.5)	(93.0, 1.5)	(94.0, 0.8333333333333333)	(95.0, 1.1666666666666665)	(96.0, 0.75)	(97.0, 1.3333333333333333)	(98.0, 1.0)	(99.0, 1.3333333333333333)	(100.0, 1.4999999999999998)
DRR898355_1	(0.0, 0.0)	(1.0, 0.0)	(2.0, 0.0)	(3.0, 0.0)	(4.0, 0.0)	(5.0, 0.0)	(6.0, 0.0)	(7.0, 0.0)	(8.0, 0.0)	(9.0, 0.0)	(10.0, 0.0)	(11.0, 0.0)	(12.0, 0.5)	(13.0, 1.5)	(14.0, 1.5)	(15.0, 1.5)	(16.0, 2.5)	(17.0, 6.0)	(18.0, 12.5)	(19.0, 26.0)	(20.0, 44.0)	(21.0, 77.0)	(22.0, 125.0)	(23.0, 204.5)	(24.0, 392.0)	(25.0, 624.5)	(26.0, 888.5)	(27.0, 1250.5)	(28.0, 1783.0)	(29.0, 2505.0)	(30.0, 3431.5)	(31.0, 4699.0)	(32.0, 6050.0)	(33.0, 7591.0)	(34.0, 9353.0)	(35.0, 11428.0)	(36.0, 13953.0)	(37.0, 16728.0)	(38.0, 19842.0)	(39.0, 23422.5)	(40.0, 27333.0)	(41.0, 31595.5)	(42.0, 36573.5)	(43.0, 42953.5)	(44.0, 50925.0)	(45.0, 59280.5)	(46.0, 69623.5)	(47.0, 82490.0)	(48.0, 95750.0)	(49.0, 111447.0)	(50.0, 130778.0)	(51.0, 151577.5)	(52.0, 174384.0)	(53.0, 196606.5)	(54.0, 219930.0)	(55.0, 245742.5)	(56.0, 268569.0)	(57.0, 286947.0)	(58.0, 300573.5)	(59.0, 309582.0)	(60.0, 313954.0)	(61.0, 312253.5)	(62.0, 301597.5)	(63.0, 284434.5)	(64.0, 261156.5)	(65.0, 232415.5)	(66.0, 203682.5)	(67.0, 174880.0)	(68.0, 144666.5)	(69.0, 115624.5)	(70.0, 88882.5)	(71.0, 64967.5)	(72.0, 46068.5)	(73.0, 31574.0)	(74.0, 20800.5)	(75.0, 13274.0)	(76.0, 8038.5)	(77.0, 4620.5)	(78.0, 2653.0)	(79.0, 1444.0)	(80.0, 682.0)	(81.0, 334.0)	(82.0, 145.5)	(83.0, 50.0)	(84.0, 22.0)	(85.0, 16.5)	(86.0, 7.5)	(87.0, 1.5)	(88.0, 3.0)	(89.0, 2.5)	(90.0, 2.0)	(91.0, 1.5)	(92.0, 1.5)	(93.0, 1.0)	(94.0, 0.0)	(95.0, 1.5)	(96.0, 3.5)	(97.0, 3.0)	(98.0, 2.5)	(99.0, 2.0)	(100.0, 1.0)
DRR898355_2	(0.0, 1.0)	(1.0, 0.5)	(2.0, 0.0)	(3.0, 0.0)	(4.0, 0.0)	(5.0, 0.0)	(6.0, 0.0)	(7.0, 0.0)	(8.0, 0.0)	(9.0, 0.0)	(10.0, 0.0)	(11.0, 0.0)	(12.0, 0.5)	(13.0, 0.5)	(14.0, 0.0)	(15.0, 2.5)	(16.0, 4.5)	(17.0, 7.0)	(18.0, 15.5)	(19.0, 27.0)	(20.0, 48.5)	(21.0, 71.5)	(22.0, 118.0)	(23.0, 223.0)	(24.0, 390.5)	(25.0, 643.5)	(26.0, 908.5)	(27.0, 1249.0)	(28.0, 1837.5)	(29.0, 2603.5)	(30.0, 3511.0)	(31.0, 4750.0)	(32.0, 6110.0)	(33.0, 7462.5)	(34.0, 9233.0)	(35.0, 11528.0)	(36.0, 13996.5)	(37.0, 16732.5)	(38.0, 19608.5)	(39.0, 23074.5)	(40.0, 27131.0)	(41.0, 31419.0)	(42.0, 36300.0)	(43.0, 42780.5)	(44.0, 51142.0)	(45.0, 60018.0)	(46.0, 70158.0)	(47.0, 81861.0)	(48.0, 94607.0)	(49.0, 110986.0)	(50.0, 130391.5)	(51.0, 150824.5)	(52.0, 173754.5)	(53.0, 196417.0)	(54.0, 220002.0)	(55.0, 245424.5)	(56.0, 267413.5)	(57.0, 286043.0)	(58.0, 300497.5)	(59.0, 308882.5)	(60.0, 312191.0)	(61.0, 310288.0)	(62.0, 299333.5)	(63.0, 280836.0)	(64.0, 257005.5)	(65.0, 228941.0)	(66.0, 200544.5)	(67.0, 171535.5)	(68.0, 141774.0)	(69.0, 112840.0)	(70.0, 86061.0)	(71.0, 62823.0)	(72.0, 44445.5)	(73.0, 30441.0)	(74.0, 20105.5)	(75.0, 12727.0)	(76.0, 7682.0)	(77.0, 4521.5)	(78.0, 2684.5)	(79.0, 1580.5)	(80.0, 891.5)	(81.0, 536.0)	(82.0, 325.0)	(83.0, 226.0)	(84.0, 199.5)	(85.0, 192.0)	(86.0, 188.5)	(87.0, 186.5)	(88.0, 176.5)	(89.0, 176.0)	(90.0, 189.5)	(91.0, 180.0)	(92.0, 184.5)	(93.0, 206.5)	(94.0, 233.5)	(95.0, 265.5)	(96.0, 351.0)	(97.0, 585.0)	(98.0, 1076.5)	(99.0, 2405.0)	(100.0, 19866.0)
DRR898359_1	(0.0, 0.0)	(1.0, 0.0)	(2.0, 0.0)	(3.0, 0.0)	(4.0, 0.0)	(5.0, 0.0)	(6.0, 0.0)	(7.0, 0.0)	(8.0, 0.0)	(9.0, 0.0)	(10.0, 0.0)	(11.0, 0.0)	(12.0, 0.0)	(13.0, 0.0)	(14.0, 0.0)	(15.0, 0.5)	(16.0, 2.5)	(17.0, 2.0)	(18.0, 7.5)	(19.0, 18.5)	(20.0, 29.0)	(21.0, 43.5)	(22.0, 66.0)	(23.0, 117.5)	(24.0, 181.5)	(25.0, 276.5)	(26.0, 385.5)	(27.0, 508.0)	(28.0, 725.5)	(29.0, 1001.0)	(30.0, 1315.5)	(31.0, 1731.0)	(32.0, 2199.0)	(33.0, 2701.0)	(34.0, 3220.5)	(35.0, 3818.5)	(36.0, 4634.0)	(37.0, 5537.0)	(38.0, 6527.5)	(39.0, 7602.5)	(40.0, 8701.5)	(41.0, 10088.5)	(42.0, 11736.5)	(43.0, 13672.5)	(44.0, 16047.0)	(45.0, 18700.0)	(46.0, 21632.0)	(47.0, 25080.5)	(48.0, 29453.0)	(49.0, 34501.0)	(50.0, 40027.5)	(51.0, 46317.5)	(52.0, 53531.0)	(53.0, 60563.5)	(54.0, 67752.5)	(55.0, 75815.5)	(56.0, 83284.5)	(57.0, 89271.0)	(58.0, 93370.5)	(59.0, 96329.0)	(60.0, 97186.5)	(61.0, 96121.5)	(62.0, 92941.5)	(63.0, 87571.5)	(64.0, 80411.0)	(65.0, 71243.0)	(66.0, 62098.0)	(67.0, 53022.5)	(68.0, 43730.5)	(69.0, 34892.0)	(70.0, 26599.0)	(71.0, 19237.5)	(72.0, 13605.5)	(73.0, 9418.0)	(74.0, 6138.0)	(75.0, 3747.5)	(76.0, 2197.5)	(77.0, 1227.0)	(78.0, 734.5)	(79.0, 424.5)	(80.0, 190.0)	(81.0, 95.0)	(82.0, 43.5)	(83.0, 10.5)	(84.0, 3.5)	(85.0, 5.5)	(86.0, 3.5)	(87.0, 0.0)	(88.0, 1.5)	(89.0, 1.5)	(90.0, 0.5)	(91.0, 0.5)	(92.0, 0.0)	(93.0, 0.5)	(94.0, 1.0)	(95.0, 1.0)	(96.0, 1.0)	(97.0, 0.5)	(98.0, 3.5)	(99.0, 6.0)	(100.0, 2.5)
DRR898359_2	(0.0, 0.0)	(1.0, 0.0)	(2.0, 0.0)	(3.0, 0.0)	(4.0, 0.0)	(5.0, 0.0)	(6.0, 0.0)	(7.0, 0.0)	(8.0, 0.0)	(9.0, 0.0)	(10.0, 0.0)	(11.0, 0.0)	(12.0, 0.0)	(13.0, 0.0)	(14.0, 0.0)	(15.0, 2.0)	(16.0, 3.5)	(17.0, 5.0)	(18.0, 7.5)	(19.0, 11.5)	(20.0, 24.0)	(21.0, 36.5)	(22.0, 62.5)	(23.0, 111.5)	(24.0, 166.0)	(25.0, 254.0)	(26.0, 379.5)	(27.0, 503.5)	(28.0, 725.0)	(29.0, 928.0)	(30.0, 1190.5)	(31.0, 1621.0)	(32.0, 2042.0)	(33.0, 2470.0)	(34.0, 3001.0)	(35.0, 3608.5)	(36.0, 4380.5)	(37.0, 5304.5)	(38.0, 6210.5)	(39.0, 7183.0)	(40.0, 8322.5)	(41.0, 9571.0)	(42.0, 11115.5)	(43.0, 13053.0)	(44.0, 15271.5)	(45.0, 17791.5)	(46.0, 20920.0)	(47.0, 24518.0)	(48.0, 28652.0)	(49.0, 33707.5)	(50.0, 39394.5)	(51.0, 45717.5)	(52.0, 52729.5)	(53.0, 60006.5)	(54.0, 67417.5)	(55.0, 75130.0)	(56.0, 82262.0)	(57.0, 88172.0)	(58.0, 93290.5)	(59.0, 96395.5)	(60.0, 97164.5)	(61.0, 96751.0)	(62.0, 93866.5)	(63.0, 88452.5)	(64.0, 80809.5)	(65.0, 71731.5)	(66.0, 62532.0)	(67.0, 53156.5)	(68.0, 43950.0)	(69.0, 35065.0)	(70.0, 26733.5)	(71.0, 19601.0)	(72.0, 14006.0)	(73.0, 9550.0)	(74.0, 6145.5)	(75.0, 3849.0)	(76.0, 2323.5)	(77.0, 1355.0)	(78.0, 846.5)	(79.0, 483.0)	(80.0, 241.5)	(81.0, 150.0)	(82.0, 87.0)	(83.0, 53.0)	(84.0, 52.0)	(85.0, 48.5)	(86.0, 44.0)	(87.0, 41.5)	(88.0, 43.5)	(89.0, 43.5)	(90.0, 37.5)	(91.0, 39.0)	(92.0, 39.5)	(93.0, 45.5)	(94.0, 54.0)	(95.0, 52.0)	(96.0, 68.5)	(97.0, 117.5)	(98.0, 199.0)	(99.0, 464.0)	(100.0, 3910.5)
DRR898360_1	(0.0, 0.0)	(1.0, 0.0)	(2.0, 0.0)	(3.0, 0.0)	(4.0, 0.0)	(5.0, 0.0)	(6.0, 0.0)	(7.0, 0.0)	(8.0, 0.0)	(9.0, 0.0)	(10.0, 0.0)	(11.0, 0.0)	(12.0, 0.0)	(13.0, 0.0)	(14.0, 0.5)	(15.0, 0.5)	(16.0, 1.0)	(17.0, 10.0)	(18.0, 19.5)	(19.0, 34.0)	(20.0, 63.0)	(21.0, 109.5)	(22.0, 185.5)	(23.0, 307.5)	(24.0, 504.0)	(25.0, 755.5)	(26.0, 1045.5)	(27.0, 1428.0)	(28.0, 1983.0)	(29.0, 2757.0)	(30.0, 3680.0)	(31.0, 4786.0)	(32.0, 5899.5)	(33.0, 6983.0)	(34.0, 8430.5)	(35.0, 10178.0)	(36.0, 12008.5)	(37.0, 14089.0)	(38.0, 16361.0)	(39.0, 18679.0)	(40.0, 21223.5)	(41.0, 23868.0)	(42.0, 26964.0)	(43.0, 31384.0)	(44.0, 36663.5)	(45.0, 42072.0)	(46.0, 48065.0)	(47.0, 55263.0)	(48.0, 63710.0)	(49.0, 73039.5)	(50.0, 84065.0)	(51.0, 96136.5)	(52.0, 108767.0)	(53.0, 121515.0)	(54.0, 134262.0)	(55.0, 148414.0)	(56.0, 160646.5)	(57.0, 169272.5)	(58.0, 175826.5)	(59.0, 179560.5)	(60.0, 179784.0)	(61.0, 177522.5)	(62.0, 171211.5)	(63.0, 160162.0)	(64.0, 145789.0)	(65.0, 129229.0)	(66.0, 112461.0)	(67.0, 95495.0)	(68.0, 78511.5)	(69.0, 62599.5)	(70.0, 47570.5)	(71.0, 34441.5)	(72.0, 24437.0)	(73.0, 16680.5)	(74.0, 10956.0)	(75.0, 6797.5)	(76.0, 3960.0)	(77.0, 2312.5)	(78.0, 1300.0)	(79.0, 692.5)	(80.0, 327.5)	(81.0, 158.5)	(82.0, 67.0)	(83.0, 27.0)	(84.0, 14.5)	(85.0, 8.5)	(86.0, 5.0)	(87.0, 0.5)	(88.0, 2.0)	(89.0, 3.0)	(90.0, 1.0)	(91.0, 1.0)	(92.0, 2.0)	(93.0, 3.0)	(94.0, 3.0)	(95.0, 1.5)	(96.0, 3.0)	(97.0, 3.0)	(98.0, 1.0)	(99.0, 1.5)	(100.0, 1.5)
DRR898360_2	(0.0, 0.0)	(1.0, 0.0)	(2.0, 0.0)	(3.0, 0.0)	(4.0, 0.0)	(5.0, 0.0)	(6.0, 0.0)	(7.0, 0.0)	(8.0, 0.0)	(9.0, 0.0)	(10.0, 0.0)	(11.0, 0.0)	(12.0, 0.0)	(13.0, 0.0)	(14.0, 0.0)	(15.0, 2.0)	(16.0, 4.0)	(17.0, 5.5)	(18.0, 19.5)	(19.0, 40.0)	(20.0, 60.5)	(21.0, 90.0)	(22.0, 161.0)	(23.0, 305.5)	(24.0, 524.0)	(25.0, 778.5)	(26.0, 1061.0)	(27.0, 1386.5)	(28.0, 1912.5)	(29.0, 2676.0)	(30.0, 3488.5)	(31.0, 4597.5)	(32.0, 5729.5)	(33.0, 6838.5)	(34.0, 8209.5)	(35.0, 9710.5)	(36.0, 11510.0)	(37.0, 13666.0)	(38.0, 15743.5)	(39.0, 18015.0)	(40.0, 20622.0)	(41.0, 23099.0)	(42.0, 26284.0)	(43.0, 30588.5)	(44.0, 35713.0)	(45.0, 41023.0)	(46.0, 46720.0)	(47.0, 54006.0)	(48.0, 62431.0)	(49.0, 72151.0)	(50.0, 82923.0)	(51.0, 94365.0)	(52.0, 107704.0)	(53.0, 120578.5)	(54.0, 133202.0)	(55.0, 146853.5)	(56.0, 159301.5)	(57.0, 169325.0)	(58.0, 176175.5)	(59.0, 179259.0)	(60.0, 179555.5)	(61.0, 177867.0)	(62.0, 171524.0)	(63.0, 159926.5)	(64.0, 144887.0)	(65.0, 128264.5)	(66.0, 111218.5)	(67.0, 94087.0)	(68.0, 77417.0)	(69.0, 61744.5)	(70.0, 47191.5)	(71.0, 34001.0)	(72.0, 23755.0)	(73.0, 16248.5)	(74.0, 10623.0)	(75.0, 6762.5)	(76.0, 4101.5)	(77.0, 2398.0)	(78.0, 1415.5)	(79.0, 822.5)	(80.0, 485.0)	(81.0, 334.5)	(82.0, 225.0)	(83.0, 170.0)	(84.0, 166.0)	(85.0, 155.0)	(86.0, 143.5)	(87.0, 135.5)	(88.0, 145.0)	(89.0, 152.0)	(90.0, 147.5)	(91.0, 145.5)	(92.0, 145.5)	(93.0, 149.5)	(94.0, 172.0)	(95.0, 216.5)	(96.0, 287.5)	(97.0, 441.5)	(98.0, 808.0)	(99.0, 1792.0)	(100.0, 12869.5)
DRR898362_1	(0.0, 0.0)	(1.0, 0.0)	(2.0, 0.0)	(3.0, 0.0)	(4.0, 0.0)	(5.0, 0.0)	(6.0, 0.0)	(7.0, 0.0)	(8.0, 0.0)	(9.0, 0.0)	(10.0, 0.0)	(11.0, 0.0)	(12.0, 0.0)	(13.0, 0.0)	(14.0, 0.0)	(15.0, 1.0)	(16.0, 1.5)	(17.0, 3.0)	(18.0, 5.5)	(19.0, 11.0)	(20.0, 20.5)	(21.0, 30.5)	(22.0, 38.5)	(23.0, 70.0)	(24.0, 110.0)	(25.0, 164.5)	(26.0, 252.0)	(27.0, 364.5)	(28.0, 555.0)	(29.0, 791.5)	(30.0, 1052.5)	(31.0, 1443.5)	(32.0, 1900.0)	(33.0, 2346.5)	(34.0, 2845.0)	(35.0, 3470.5)	(36.0, 4261.5)	(37.0, 5183.5)	(38.0, 6324.0)	(39.0, 7640.0)	(40.0, 9080.5)	(41.0, 10634.0)	(42.0, 12442.5)	(43.0, 14584.5)	(44.0, 17308.5)	(45.0, 20132.0)	(46.0, 23611.0)	(47.0, 28163.0)	(48.0, 32972.0)	(49.0, 38857.0)	(50.0, 45660.5)	(51.0, 52895.0)	(52.0, 61261.0)	(53.0, 70077.0)	(54.0, 79444.0)	(55.0, 89092.0)	(56.0, 97555.5)	(57.0, 105153.5)	(58.0, 110874.0)	(59.0, 115214.0)	(60.0, 117132.5)	(61.0, 116693.0)	(62.0, 113906.0)	(63.0, 107792.5)	(64.0, 99935.0)	(65.0, 89814.0)	(66.0, 78685.0)	(67.0, 67919.5)	(68.0, 56883.0)	(69.0, 45996.5)	(70.0, 35704.0)	(71.0, 26418.5)	(72.0, 19123.5)	(73.0, 13513.0)	(74.0, 9132.0)	(75.0, 5886.0)	(76.0, 3604.5)	(77.0, 2101.5)	(78.0, 1231.0)	(79.0, 710.5)	(80.0, 411.0)	(81.0, 253.5)	(82.0, 156.5)	(83.0, 77.5)	(84.0, 27.5)	(85.0, 21.0)	(86.0, 14.0)	(87.0, 2.5)	(88.0, 0.5)	(89.0, 0.0)	(90.0, 0.5)	(91.0, 0.5)	(92.0, 0.5)	(93.0, 0.5)	(94.0, 0.0)	(95.0, 0.0)	(96.0, 0.0)	(97.0, 0.0)	(98.0, 0.0)	(99.0, 0.5)	(100.0, 0.5)
DRR898362_2	(0.0, 0.0)	(1.0, 0.0)	(2.0, 0.0)	(3.0, 0.0)	(4.0, 0.0)	(5.0, 0.0)	(6.0, 0.0)	(7.0, 0.5)	(8.0, 0.5)	(9.0, 0.0)	(10.0, 0.0)	(11.0, 0.5)	(12.0, 1.0)	(13.0, 0.5)	(14.0, 0.5)	(15.0, 1.0)	(16.0, 1.5)	(17.0, 4.5)	(18.0, 9.5)	(19.0, 18.5)	(20.0, 27.5)	(21.0, 38.5)	(22.0, 65.0)	(23.0, 110.0)	(24.0, 151.5)	(25.0, 212.5)	(26.0, 301.5)	(27.0, 433.5)	(28.0, 624.5)	(29.0, 844.0)	(30.0, 1162.0)	(31.0, 1564.5)	(32.0, 2005.0)	(33.0, 2481.0)	(34.0, 2987.5)	(35.0, 3689.5)	(36.0, 4538.0)	(37.0, 5475.0)	(38.0, 6523.5)	(39.0, 7763.5)	(40.0, 9225.5)	(41.0, 10843.5)	(42.0, 12769.0)	(43.0, 14990.5)	(44.0, 17658.5)	(45.0, 20624.5)	(46.0, 24100.0)	(47.0, 28529.0)	(48.0, 33520.5)	(49.0, 39346.0)	(50.0, 46137.0)	(51.0, 53415.0)	(52.0, 61831.5)	(53.0, 70792.5)	(54.0, 80061.0)	(55.0, 89541.0)	(56.0, 97959.5)	(57.0, 105089.5)	(58.0, 110751.0)	(59.0, 114757.5)	(60.0, 116804.5)	(61.0, 116591.0)	(62.0, 113596.0)	(63.0, 107509.5)	(64.0, 98575.0)	(65.0, 88394.0)	(66.0, 77929.5)	(67.0, 67027.0)	(68.0, 55748.5)	(69.0, 44963.5)	(70.0, 34990.0)	(71.0, 25739.0)	(72.0, 18635.5)	(73.0, 13354.0)	(74.0, 9061.0)	(75.0, 5901.0)	(76.0, 3675.5)	(77.0, 2203.0)	(78.0, 1306.0)	(79.0, 759.5)	(80.0, 450.5)	(81.0, 289.0)	(82.0, 185.0)	(83.0, 104.5)	(84.0, 54.0)	(85.0, 37.0)	(86.0, 27.5)	(87.0, 18.5)	(88.0, 16.0)	(89.0, 15.5)	(90.0, 11.0)	(91.0, 14.0)	(92.0, 12.0)	(93.0, 7.5)	(94.0, 9.0)	(95.0, 10.5)	(96.0, 11.5)	(97.0, 8.5)	(98.0, 4.5)	(99.0, 5.0)	(100.0, 8.0)
DRR898363_1	(0.0, 0.0)	(1.0, 0.0)	(2.0, 0.0)	(3.0, 0.0)	(4.0, 0.0)	(5.0, 0.0)	(6.0, 0.0)	(7.0, 0.0)	(8.0, 0.0)	(9.0, 0.0)	(10.0, 0.0)	(11.0, 0.0)	(12.0, 0.0)	(13.0, 0.0)	(14.0, 0.0)	(15.0, 0.0)	(16.0, 2.5)	(17.0, 5.0)	(18.0, 8.5)	(19.0, 15.5)	(20.0, 24.5)	(21.0, 52.0)	(22.0, 89.0)	(23.0, 143.0)	(24.0, 234.5)	(25.0, 374.5)	(26.0, 565.5)	(27.0, 798.5)	(28.0, 1094.0)	(29.0, 1419.5)	(30.0, 1856.0)	(31.0, 2480.5)	(32.0, 3189.5)	(33.0, 3995.5)	(34.0, 4920.0)	(35.0, 5982.5)	(36.0, 7203.0)	(37.0, 8669.5)	(38.0, 10123.0)	(39.0, 11735.0)	(40.0, 13867.0)	(41.0, 16017.5)	(42.0, 18410.0)	(43.0, 21721.0)	(44.0, 25605.5)	(45.0, 30261.0)	(46.0, 35967.5)	(47.0, 42551.5)	(48.0, 50281.5)	(49.0, 59718.5)	(50.0, 70408.5)	(51.0, 81722.0)	(52.0, 94494.0)	(53.0, 107514.5)	(54.0, 120444.5)	(55.0, 133181.5)	(56.0, 144042.0)	(57.0, 153162.0)	(58.0, 160725.5)	(59.0, 164248.5)	(60.0, 165144.5)	(61.0, 163435.5)	(62.0, 157846.0)	(63.0, 149106.5)	(64.0, 136577.5)	(65.0, 121549.5)	(66.0, 105711.0)	(67.0, 90205.0)	(68.0, 74785.0)	(69.0, 59442.0)	(70.0, 45002.0)	(71.0, 33044.0)	(72.0, 23685.0)	(73.0, 16232.0)	(74.0, 10630.5)	(75.0, 6706.5)	(76.0, 3924.5)	(77.0, 2104.5)	(78.0, 1170.5)	(79.0, 664.0)	(80.0, 319.5)	(81.0, 140.5)	(82.0, 64.0)	(83.0, 25.5)	(84.0, 9.5)	(85.0, 3.0)	(86.0, 6.0)	(87.0, 4.5)	(88.0, 1.5)	(89.0, 2.5)	(90.0, 2.5)	(91.0, 1.0)	(92.0, 0.0)	(93.0, 0.0)	(94.0, 0.0)	(95.0, 0.5)	(96.0, 1.0)	(97.0, 4.0)	(98.0, 7.0)	(99.0, 6.5)	(100.0, 4.5)
DRR898363_2	(0.0, 0.0)	(1.0, 0.0)	(2.0, 0.0)	(3.0, 0.0)	(4.0, 0.0)	(5.0, 0.0)	(6.0, 0.0)	(7.0, 0.0)	(8.0, 0.0)	(9.0, 0.0)	(10.0, 0.0)	(11.0, 0.0)	(12.0, 0.0)	(13.0, 0.0)	(14.0, 0.0)	(15.0, 0.0)	(16.0, 2.0)	(17.0, 4.0)	(18.0, 9.0)	(19.0, 16.0)	(20.0, 25.0)	(21.0, 55.5)	(22.0, 101.5)	(23.0, 153.5)	(24.0, 274.0)	(25.0, 410.0)	(26.0, 544.5)	(27.0, 769.0)	(28.0, 1048.5)	(29.0, 1370.5)	(30.0, 1807.5)	(31.0, 2410.0)	(32.0, 3101.0)	(33.0, 3817.0)	(34.0, 4737.5)	(35.0, 5892.5)	(36.0, 7042.5)	(37.0, 8425.0)	(38.0, 9888.0)	(39.0, 11458.5)	(40.0, 13492.0)	(41.0, 15753.5)	(42.0, 18272.5)	(43.0, 21327.5)	(44.0, 25280.0)	(45.0, 29953.0)	(46.0, 35567.5)	(47.0, 42296.5)	(48.0, 50038.0)	(49.0, 59362.0)	(50.0, 69718.0)	(51.0, 80978.0)	(52.0, 94037.0)	(53.0, 107117.5)	(54.0, 120136.0)	(55.0, 133097.0)	(56.0, 143835.0)	(57.0, 152688.0)	(58.0, 159561.0)	(59.0, 163582.0)	(60.0, 164863.5)	(61.0, 162673.5)	(62.0, 157166.0)	(63.0, 148210.0)	(64.0, 135502.0)	(65.0, 120250.0)	(66.0, 104489.0)	(67.0, 89137.5)	(68.0, 73450.5)	(69.0, 58378.0)	(70.0, 44380.0)	(71.0, 32424.0)	(72.0, 23216.5)	(73.0, 16082.5)	(74.0, 10584.0)	(75.0, 6575.0)	(76.0, 3888.5)	(77.0, 2165.0)	(78.0, 1279.0)	(79.0, 808.5)	(80.0, 478.0)	(81.0, 288.0)	(82.0, 203.5)	(83.0, 179.0)	(84.0, 152.0)	(85.0, 125.0)	(86.0, 119.5)	(87.0, 117.0)	(88.0, 118.5)	(89.0, 116.5)	(90.0, 115.5)	(91.0, 118.5)	(92.0, 117.0)	(93.0, 121.0)	(94.0, 136.0)	(95.0, 152.5)	(96.0, 177.0)	(97.0, 247.0)	(98.0, 463.5)	(99.0, 1091.0)	(100.0, 9030.5)
DRR898364_1	(0.0, 0.0)	(1.0, 0.0)	(2.0, 0.0)	(3.0, 0.0)	(4.0, 0.0)	(5.0, 0.0)	(6.0, 0.0)	(7.0, 0.0)	(8.0, 0.0)	(9.0, 0.0)	(10.0, 0.0)	(11.0, 0.0)	(12.0, 0.0)	(13.0, 0.5)	(14.0, 0.5)	(15.0, 1.0)	(16.0, 2.0)	(17.0, 2.5)	(18.0, 3.5)	(19.0, 9.0)	(20.0, 24.0)	(21.0, 49.0)	(22.0, 87.5)	(23.0, 147.5)	(24.0, 237.5)	(25.0, 374.0)	(26.0, 582.5)	(27.0, 813.5)	(28.0, 1116.0)	(29.0, 1499.5)	(30.0, 1939.0)	(31.0, 2558.0)	(32.0, 3344.0)	(33.0, 4178.0)	(34.0, 5088.5)	(35.0, 6246.5)	(36.0, 7602.0)	(37.0, 9310.5)	(38.0, 11006.0)	(39.0, 12584.0)	(40.0, 14649.0)	(41.0, 17140.5)	(42.0, 19963.5)	(43.0, 23438.5)	(44.0, 27845.0)	(45.0, 32914.5)	(46.0, 39079.0)	(47.0, 46160.5)	(48.0, 54749.5)	(49.0, 65463.0)	(50.0, 77318.5)	(51.0, 90157.0)	(52.0, 104078.5)	(53.0, 118226.0)	(54.0, 132547.0)	(55.0, 146652.5)	(56.0, 159227.0)	(57.0, 170069.0)	(58.0, 177975.5)	(59.0, 181744.5)	(60.0, 183770.5)	(61.0, 182323.0)	(62.0, 175692.5)	(63.0, 165327.5)	(64.0, 151865.0)	(65.0, 135379.0)	(66.0, 117271.0)	(67.0, 99749.5)	(68.0, 82285.5)	(69.0, 65318.0)	(70.0, 49403.0)	(71.0, 36040.0)	(72.0, 25758.5)	(73.0, 17648.5)	(74.0, 11563.0)	(75.0, 7228.0)	(76.0, 4115.0)	(77.0, 2213.5)	(78.0, 1263.0)	(79.0, 730.0)	(80.0, 359.5)	(81.0, 165.0)	(82.0, 73.0)	(83.0, 35.0)	(84.0, 14.5)	(85.0, 5.0)	(86.0, 4.0)	(87.0, 2.0)	(88.0, 0.5)	(89.0, 1.5)	(90.0, 1.5)	(91.0, 1.5)	(92.0, 2.0)	(93.0, 1.5)	(94.0, 1.0)	(95.0, 1.0)	(96.0, 0.5)	(97.0, 1.0)	(98.0, 4.0)	(99.0, 5.0)	(100.0, 2.0)
DRR898364_2	(0.0, 0.0)	(1.0, 0.0)	(2.0, 0.0)	(3.0, 0.0)	(4.0, 0.0)	(5.0, 0.0)	(6.0, 0.0)	(7.0, 0.0)	(8.0, 0.0)	(9.0, 0.0)	(10.0, 0.0)	(11.0, 0.5)	(12.0, 0.5)	(13.0, 0.0)	(14.0, 0.5)	(15.0, 1.5)	(16.0, 2.5)	(17.0, 4.0)	(18.0, 8.0)	(19.0, 13.5)	(20.0, 29.5)	(21.0, 65.5)	(22.0, 95.5)	(23.0, 134.5)	(24.0, 230.0)	(25.0, 376.0)	(26.0, 558.0)	(27.0, 767.5)	(28.0, 1034.0)	(29.0, 1384.0)	(30.0, 1881.5)	(31.0, 2554.0)	(32.0, 3268.0)	(33.0, 4003.0)	(34.0, 4993.5)	(35.0, 6166.0)	(36.0, 7491.0)	(37.0, 9139.5)	(38.0, 10733.0)	(39.0, 12413.0)	(40.0, 14528.0)	(41.0, 16769.0)	(42.0, 19507.0)	(43.0, 23141.0)	(44.0, 27460.5)	(45.0, 32555.5)	(46.0, 38736.5)	(47.0, 45966.0)	(48.0, 54619.5)	(49.0, 64772.0)	(50.0, 76136.5)	(51.0, 89069.0)	(52.0, 103351.0)	(53.0, 117557.5)	(54.0, 132695.0)	(55.0, 146870.5)	(56.0, 158441.0)	(57.0, 169073.0)	(58.0, 176694.0)	(59.0, 181248.0)	(60.0, 182809.0)	(61.0, 180446.5)	(62.0, 174484.0)	(63.0, 164396.5)	(64.0, 150503.5)	(65.0, 133805.0)	(66.0, 115968.0)	(67.0, 98776.5)	(68.0, 81945.0)	(69.0, 64968.0)	(70.0, 49002.0)	(71.0, 35830.5)	(72.0, 25505.0)	(73.0, 17462.5)	(74.0, 11638.5)	(75.0, 7374.0)	(76.0, 4296.0)	(77.0, 2418.0)	(78.0, 1415.0)	(79.0, 830.5)	(80.0, 462.5)	(81.0, 276.5)	(82.0, 184.5)	(83.0, 144.0)	(84.0, 140.0)	(85.0, 124.0)	(86.0, 109.5)	(87.0, 129.0)	(88.0, 132.5)	(89.0, 129.5)	(90.0, 133.5)	(91.0, 138.0)	(92.0, 135.0)	(93.0, 135.0)	(94.0, 142.0)	(95.0, 154.5)	(96.0, 189.0)	(97.0, 262.5)	(98.0, 489.0)	(99.0, 1156.0)	(100.0, 9737.0)
DRR898365_1	(0.0, 0.0)	(1.0, 0.0)	(2.0, 0.0)	(3.0, 0.0)	(4.0, 0.0)	(5.0, 0.0)	(6.0, 0.0)	(7.0, 0.0)	(8.0, 0.0)	(9.0, 0.0)	(10.0, 0.0)	(11.0, 0.0)	(12.0, 0.0)	(13.0, 0.0)	(14.0, 0.0)	(15.0, 0.0)	(16.0, 3.0)	(17.0, 4.0)	(18.0, 6.0)	(19.0, 11.5)	(20.0, 23.5)	(21.0, 59.5)	(22.0, 95.5)	(23.0, 132.0)	(24.0, 218.0)	(25.0, 359.0)	(26.0, 567.5)	(27.0, 803.0)	(28.0, 1043.5)	(29.0, 1348.0)	(30.0, 1782.0)	(31.0, 2376.5)	(32.0, 3082.5)	(33.0, 3849.5)	(34.0, 4729.5)	(35.0, 5834.0)	(36.0, 7055.5)	(37.0, 8527.5)	(38.0, 10087.5)	(39.0, 11573.5)	(40.0, 13420.5)	(41.0, 15621.5)	(42.0, 18179.0)	(43.0, 21385.5)	(44.0, 25333.5)	(45.0, 30176.5)	(46.0, 35903.0)	(47.0, 42474.0)	(48.0, 50346.0)	(49.0, 59401.0)	(50.0, 69919.5)	(51.0, 81750.0)	(52.0, 94767.0)	(53.0, 107691.5)	(54.0, 120916.0)	(55.0, 133972.5)	(56.0, 145363.0)	(57.0, 154953.0)	(58.0, 162179.0)	(59.0, 166472.0)	(60.0, 167436.5)	(61.0, 165157.0)	(62.0, 159771.0)	(63.0, 150919.5)	(64.0, 137936.0)	(65.0, 122639.5)	(66.0, 106608.5)	(67.0, 90583.5)	(68.0, 75157.5)	(69.0, 59808.0)	(70.0, 45098.0)	(71.0, 33118.5)	(72.0, 23774.5)	(73.0, 16303.0)	(74.0, 10690.0)	(75.0, 6771.0)	(76.0, 3977.0)	(77.0, 2120.0)	(78.0, 1168.5)	(79.0, 641.0)	(80.0, 297.0)	(81.0, 142.5)	(82.0, 61.0)	(83.0, 28.5)	(84.0, 14.5)	(85.0, 7.0)	(86.0, 5.0)	(87.0, 1.5)	(88.0, 1.0)	(89.0, 2.0)	(90.0, 1.5)	(91.0, 0.0)	(92.0, 1.0)	(93.0, 1.0)	(94.0, 0.5)	(95.0, 1.0)	(96.0, 1.0)	(97.0, 1.0)	(98.0, 3.0)	(99.0, 5.0)	(100.0, 3.0)
DRR898365_2	(0.0, 0.0)	(1.0, 0.0)	(2.0, 0.0)	(3.0, 0.0)	(4.0, 0.0)	(5.0, 0.0)	(6.0, 0.0)	(7.0, 0.0)	(8.0, 0.0)	(9.0, 0.0)	(10.0, 0.0)	(11.0, 0.0)	(12.0, 0.0)	(13.0, 0.0)	(14.0, 0.0)	(15.0, 0.0)	(16.0, 0.5)	(17.0, 2.0)	(18.0, 7.0)	(19.0, 17.0)	(20.0, 28.0)	(21.0, 47.0)	(22.0, 89.5)	(23.0, 141.5)	(24.0, 216.0)	(25.0, 332.0)	(26.0, 486.5)	(27.0, 721.5)	(28.0, 1017.5)	(29.0, 1328.0)	(30.0, 1785.5)	(31.0, 2375.5)	(32.0, 3019.5)	(33.0, 3822.0)	(34.0, 4630.0)	(35.0, 5706.0)	(36.0, 6923.5)	(37.0, 8248.0)	(38.0, 9822.5)	(39.0, 11457.5)	(40.0, 13269.0)	(41.0, 15510.5)	(42.0, 18173.0)	(43.0, 21284.0)	(44.0, 25079.0)	(45.0, 29556.5)	(46.0, 35274.5)	(47.0, 41866.0)	(48.0, 49340.5)	(49.0, 58882.5)	(50.0, 69420.0)	(51.0, 80942.5)	(52.0, 94289.0)	(53.0, 107652.0)	(54.0, 120876.0)	(55.0, 133478.5)	(56.0, 144278.0)	(57.0, 153659.0)	(58.0, 160794.5)	(59.0, 165182.0)	(60.0, 166647.5)	(61.0, 164745.0)	(62.0, 159598.5)	(63.0, 150432.5)	(64.0, 137292.5)	(65.0, 121848.5)	(66.0, 105870.0)	(67.0, 90297.5)	(68.0, 74738.0)	(69.0, 59290.5)	(70.0, 44848.0)	(71.0, 32959.0)	(72.0, 23654.5)	(73.0, 16188.5)	(74.0, 10617.5)	(75.0, 6644.0)	(76.0, 4000.0)	(77.0, 2244.0)	(78.0, 1266.5)	(79.0, 744.0)	(80.0, 407.5)	(81.0, 259.5)	(82.0, 182.5)	(83.0, 152.0)	(84.0, 134.0)	(85.0, 119.5)	(86.0, 120.5)	(87.0, 110.0)	(88.0, 113.5)	(89.0, 125.0)	(90.0, 114.5)	(91.0, 117.5)	(92.0, 118.5)	(93.0, 111.5)	(94.0, 118.0)	(95.0, 138.0)	(96.0, 166.0)	(97.0, 229.0)	(98.0, 410.0)	(99.0, 944.5)	(100.0, 7789.0)
DRR898366_1	(0.0, 0.0)	(1.0, 0.0)	(2.0, 0.0)	(3.0, 0.0)	(4.0, 0.0)	(5.0, 0.0)	(6.0, 0.0)	(7.0, 0.0)	(8.0, 0.0)	(9.0, 0.0)	(10.0, 0.0)	(11.0, 0.0)	(12.0, 0.0)	(13.0, 0.0)	(14.0, 0.5)	(15.0, 1.0)	(16.0, 1.5)	(17.0, 3.5)	(18.0, 8.5)	(19.0, 13.0)	(20.0, 30.0)	(21.0, 63.5)	(22.0, 94.5)	(23.0, 129.0)	(24.0, 219.0)	(25.0, 352.0)	(26.0, 530.0)	(27.0, 771.5)	(28.0, 1049.5)	(29.0, 1353.0)	(30.0, 1763.0)	(31.0, 2365.5)	(32.0, 3116.0)	(33.0, 3998.5)	(34.0, 4880.0)	(35.0, 5957.5)	(36.0, 7312.5)	(37.0, 8756.5)	(38.0, 10265.0)	(39.0, 11884.5)	(40.0, 14024.0)	(41.0, 16384.5)	(42.0, 18796.0)	(43.0, 22046.0)	(44.0, 26317.5)	(45.0, 31146.0)	(46.0, 36853.0)	(47.0, 43808.5)	(48.0, 51782.5)	(49.0, 61614.5)	(50.0, 73032.0)	(51.0, 85137.0)	(52.0, 98284.5)	(53.0, 111901.0)	(54.0, 125989.5)	(55.0, 139782.5)	(56.0, 151175.5)	(57.0, 160576.5)	(58.0, 168186.0)	(59.0, 172716.0)	(60.0, 173381.0)	(61.0, 171165.0)	(62.0, 165860.0)	(63.0, 156023.5)	(64.0, 142345.5)	(65.0, 126431.0)	(66.0, 109701.5)	(67.0, 92995.0)	(68.0, 76621.5)	(69.0, 60746.5)	(70.0, 45890.0)	(71.0, 33708.5)	(72.0, 24199.5)	(73.0, 16538.5)	(74.0, 10861.0)	(75.0, 6761.5)	(76.0, 3924.0)	(77.0, 2104.5)	(78.0, 1193.5)	(79.0, 673.5)	(80.0, 332.0)	(81.0, 151.5)	(82.0, 66.0)	(83.0, 36.0)	(84.0, 13.0)	(85.0, 4.5)	(86.0, 3.0)	(87.0, 1.0)	(88.0, 0.0)	(89.0, 0.5)	(90.0, 0.5)	(91.0, 0.0)	(92.0, 0.0)	(93.0, 0.0)	(94.0, 0.0)	(95.0, 1.0)	(96.0, 1.5)	(97.0, 1.5)	(98.0, 4.0)	(99.0, 4.5)	(100.0, 2.5)
DRR898366_2	(0.0, 1.0)	(1.0, 1.0)	(2.0, 0.5)	(3.0, 0.0)	(4.0, 0.5)	(5.0, 0.5)	(6.0, 0.0)	(7.0, 0.0)	(8.0, 0.0)	(9.0, 0.0)	(10.0, 0.0)	(11.0, 0.0)	(12.0, 0.0)	(13.0, 0.0)	(14.0, 0.0)	(15.0, 1.0)	(16.0, 2.5)	(17.0, 3.5)	(18.0, 5.5)	(19.0, 12.5)	(20.0, 21.5)	(21.0, 52.5)	(22.0, 93.0)	(23.0, 134.0)	(24.0, 223.0)	(25.0, 373.5)	(26.0, 557.5)	(27.0, 756.0)	(28.0, 1006.5)	(29.0, 1309.0)	(30.0, 1788.5)	(31.0, 2419.5)	(32.0, 3055.0)	(33.0, 3807.5)	(34.0, 4666.5)	(35.0, 5708.0)	(36.0, 7054.5)	(37.0, 8614.5)	(38.0, 10218.5)	(39.0, 11921.0)	(40.0, 13765.0)	(41.0, 15958.0)	(42.0, 18643.0)	(43.0, 21817.5)	(44.0, 25675.5)	(45.0, 30399.0)	(46.0, 36399.0)	(47.0, 43491.0)	(48.0, 51757.5)	(49.0, 61942.0)	(50.0, 72755.5)	(51.0, 84458.5)	(52.0, 97785.0)	(53.0, 111417.5)	(54.0, 124911.5)	(55.0, 137998.5)	(56.0, 150226.0)	(57.0, 159959.0)	(58.0, 167219.0)	(59.0, 171566.0)	(60.0, 172765.5)	(61.0, 170974.5)	(62.0, 165137.5)	(63.0, 154960.5)	(64.0, 141526.0)	(65.0, 126066.5)	(66.0, 109765.5)	(67.0, 93547.0)	(68.0, 76944.0)	(69.0, 60810.0)	(70.0, 46177.5)	(71.0, 34134.0)	(72.0, 24471.5)	(73.0, 16777.0)	(74.0, 10955.0)	(75.0, 6900.5)	(76.0, 4151.5)	(77.0, 2236.5)	(78.0, 1284.5)	(79.0, 744.5)	(80.0, 413.0)	(81.0, 238.5)	(82.0, 162.0)	(83.0, 141.0)	(84.0, 116.5)	(85.0, 103.5)	(86.0, 109.5)	(87.0, 116.5)	(88.0, 109.0)	(89.0, 99.5)	(90.0, 102.5)	(91.0, 96.0)	(92.0, 90.0)	(93.0, 96.0)	(94.0, 111.5)	(95.0, 118.5)	(96.0, 119.5)	(97.0, 172.5)	(98.0, 323.5)	(99.0, 730.5)	(100.0, 5444.0)
DRR898368_1	(0.0, 0.0)	(1.0, 0.0)	(2.0, 0.0)	(3.0, 0.0)	(4.0, 0.0)	(5.0, 0.0)	(6.0, 0.0)	(7.0, 0.0)	(8.0, 0.0)	(9.0, 0.0)	(10.0, 0.0)	(11.0, 0.0)	(12.0, 0.0)	(13.0, 0.0)	(14.0, 0.0)	(15.0, 0.0)	(16.0, 0.0)	(17.0, 0.0)	(18.0, 1.0)	(19.0, 3.0)	(20.0, 5.0)	(21.0, 18.5)	(22.0, 31.0)	(23.0, 42.0)	(24.0, 88.5)	(25.0, 155.5)	(26.0, 250.0)	(27.0, 375.5)	(28.0, 499.5)	(29.0, 673.5)	(30.0, 953.0)	(31.0, 1256.5)	(32.0, 1635.5)	(33.0, 2101.0)	(34.0, 2638.0)	(35.0, 3373.5)	(36.0, 4242.5)	(37.0, 5270.5)	(38.0, 6361.5)	(39.0, 7425.5)	(40.0, 8777.0)	(41.0, 10421.5)	(42.0, 12243.0)	(43.0, 14576.0)	(44.0, 17455.5)	(45.0, 21004.0)	(46.0, 25482.0)	(47.0, 30412.0)	(48.0, 36008.0)	(49.0, 43163.0)	(50.0, 51777.0)	(51.0, 61518.0)	(52.0, 71859.5)	(53.0, 81876.0)	(54.0, 92239.5)	(55.0, 102836.5)	(56.0, 112121.5)	(57.0, 119516.5)	(58.0, 125530.0)	(59.0, 129572.0)	(60.0, 130578.0)	(61.0, 129394.0)	(62.0, 125512.0)	(63.0, 118223.5)	(64.0, 108818.5)	(65.0, 96939.5)	(66.0, 83930.5)	(67.0, 71607.0)	(68.0, 59380.5)	(69.0, 47092.5)	(70.0, 35673.0)	(71.0, 26227.5)	(72.0, 18610.5)	(73.0, 12767.0)	(74.0, 8391.5)	(75.0, 5217.0)	(76.0, 3030.0)	(77.0, 1643.0)	(78.0, 906.5)	(79.0, 471.5)	(80.0, 219.0)	(81.0, 107.5)	(82.0, 45.0)	(83.0, 22.5)	(84.0, 16.0)	(85.0, 8.0)	(86.0, 2.0)	(87.0, 1.5)	(88.0, 1.0)	(89.0, 0.0)	(90.0, 1.0)	(91.0, 1.0)	(92.0, 0.0)	(93.0, 0.5)	(94.0, 1.5)	(95.0, 1.5)	(96.0, 1.0)	(97.0, 1.5)	(98.0, 5.5)	(99.0, 6.5)	(100.0, 2.0)
DRR898368_2	(0.0, 0.0)	(1.0, 0.5)	(2.0, 1.0)	(3.0, 0.5)	(4.0, 0.0)	(5.0, 0.0)	(6.0, 0.0)	(7.0, 0.5)	(8.0, 0.5)	(9.0, 0.0)	(10.0, 0.0)	(11.0, 0.5)	(12.0, 0.5)	(13.0, 0.0)	(14.0, 0.0)	(15.0, 0.0)	(16.0, 0.5)	(17.0, 1.0)	(18.0, 4.0)	(19.0, 7.0)	(20.0, 8.0)	(21.0, 24.5)	(22.0, 46.0)	(23.0, 61.0)	(24.0, 90.5)	(25.0, 158.5)	(26.0, 261.5)	(27.0, 374.5)	(28.0, 532.5)	(29.0, 696.0)	(30.0, 924.5)	(31.0, 1275.0)	(32.0, 1663.5)	(33.0, 2130.0)	(34.0, 2720.5)	(35.0, 3387.5)	(36.0, 4171.5)	(37.0, 5125.5)	(38.0, 6108.0)	(39.0, 7214.5)	(40.0, 8621.0)	(41.0, 10160.5)	(42.0, 11960.0)	(43.0, 14354.5)	(44.0, 17228.0)	(45.0, 20701.5)	(46.0, 24946.5)	(47.0, 30039.0)	(48.0, 36042.0)	(49.0, 43115.0)	(50.0, 51362.5)	(51.0, 60409.0)	(52.0, 70536.5)	(53.0, 80983.0)	(54.0, 91637.5)	(55.0, 102336.5)	(56.0, 111397.5)	(57.0, 119233.5)	(58.0, 125566.0)	(59.0, 128867.5)	(60.0, 130107.0)	(61.0, 129314.5)	(62.0, 125364.0)	(63.0, 118484.0)	(64.0, 108793.0)	(65.0, 97002.5)	(66.0, 84410.5)	(67.0, 71637.0)	(68.0, 58933.0)	(69.0, 46954.5)	(70.0, 35760.0)	(71.0, 26116.0)	(72.0, 18612.5)	(73.0, 12786.0)	(74.0, 8381.5)	(75.0, 5235.5)	(76.0, 3081.0)	(77.0, 1673.0)	(78.0, 967.5)	(79.0, 604.5)	(80.0, 335.5)	(81.0, 178.0)	(82.0, 124.0)	(83.0, 109.0)	(84.0, 85.0)	(85.0, 66.5)	(86.0, 65.5)	(87.0, 68.5)	(88.0, 66.0)	(89.0, 62.0)	(90.0, 60.5)	(91.0, 58.5)	(92.0, 64.0)	(93.0, 67.0)	(94.0, 66.5)	(95.0, 71.0)	(96.0, 77.0)	(97.0, 102.5)	(98.0, 198.5)	(99.0, 484.5)	(100.0, 3940.5)
DRR898372_1	(0.0, 0.0)	(1.0, 0.0)	(2.0, 0.0)	(3.0, 0.0)	(4.0, 0.0)	(5.0, 0.0)	(6.0, 0.0)	(7.0, 0.0)	(8.0, 0.0)	(9.0, 0.0)	(10.0, 0.0)	(11.0, 0.0)	(12.0, 0.0)	(13.0, 0.0)	(14.0, 0.0)	(15.0, 0.5)	(16.0, 0.5)	(17.0, 0.5)	(18.0, 2.0)	(19.0, 11.5)	(20.0, 29.5)	(21.0, 58.5)	(22.0, 107.0)	(23.0, 155.5)	(24.0, 246.5)	(25.0, 371.0)	(26.0, 528.5)	(27.0, 738.5)	(28.0, 1041.0)	(29.0, 1383.0)	(30.0, 1789.0)	(31.0, 2300.0)	(32.0, 2896.0)	(33.0, 3629.5)	(34.0, 4467.5)	(35.0, 5379.5)	(36.0, 6451.0)	(37.0, 7785.5)	(38.0, 9047.0)	(39.0, 10321.0)	(40.0, 11906.5)	(41.0, 13798.0)	(42.0, 15755.5)	(43.0, 18176.5)	(44.0, 21464.5)	(45.0, 25143.0)	(46.0, 29608.0)	(47.0, 34763.5)	(48.0, 40519.0)	(49.0, 48005.0)	(50.0, 56557.5)	(51.0, 65069.5)	(52.0, 74237.0)	(53.0, 84017.5)	(54.0, 94179.5)	(55.0, 103631.5)	(56.0, 111473.5)	(57.0, 117627.0)	(58.0, 122378.0)	(59.0, 125207.0)	(60.0, 125474.5)	(61.0, 123338.5)	(62.0, 118653.0)	(63.0, 111602.5)	(64.0, 102161.0)	(65.0, 90639.0)	(66.0, 78043.0)	(67.0, 66183.5)	(68.0, 54880.5)	(69.0, 43363.5)	(70.0, 32779.0)	(71.0, 24083.5)	(72.0, 17206.0)	(73.0, 11733.5)	(74.0, 7706.0)	(75.0, 4938.0)	(76.0, 2871.0)	(77.0, 1552.5)	(78.0, 893.0)	(79.0, 519.0)	(80.0, 247.5)	(81.0, 107.5)	(82.0, 57.0)	(83.0, 28.5)	(84.0, 8.5)	(85.0, 6.5)	(86.0, 5.0)	(87.0, 0.5)	(88.0, 1.0)	(89.0, 1.0)	(90.0, 0.5)	(91.0, 0.5)	(92.0, 0.0)	(93.0, 0.0)	(94.0, 0.5)	(95.0, 1.5)	(96.0, 1.0)	(97.0, 2.0)	(98.0, 6.5)	(99.0, 8.0)	(100.0, 3.5)
DRR898372_2	(0.0, 0.0)	(1.0, 0.5)	(2.0, 0.5)	(3.0, 0.0)	(4.0, 0.0)	(5.0, 0.0)	(6.0, 0.0)	(7.0, 0.0)	(8.0, 0.0)	(9.0, 0.5)	(10.0, 0.5)	(11.0, 0.0)	(12.0, 0.0)	(13.0, 0.0)	(14.0, 0.0)	(15.0, 0.0)	(16.0, 1.5)	(17.0, 5.0)	(18.0, 9.0)	(19.0, 13.0)	(20.0, 28.5)	(21.0, 55.0)	(22.0, 84.0)	(23.0, 133.0)	(24.0, 246.0)	(25.0, 399.0)	(26.0, 559.5)	(27.0, 772.0)	(28.0, 1028.0)	(29.0, 1300.5)	(30.0, 1653.5)	(31.0, 2201.0)	(32.0, 2860.5)	(33.0, 3523.5)	(34.0, 4296.0)	(35.0, 5210.5)	(36.0, 6286.5)	(37.0, 7502.0)	(38.0, 8659.5)	(39.0, 9917.0)	(40.0, 11486.0)	(41.0, 13246.5)	(42.0, 15287.0)	(43.0, 17783.5)	(44.0, 20686.5)	(45.0, 24221.5)	(46.0, 28575.5)	(47.0, 33719.0)	(48.0, 39867.5)	(49.0, 47443.5)	(50.0, 55297.5)	(51.0, 63664.0)	(52.0, 73427.5)	(53.0, 83140.0)	(54.0, 93055.0)	(55.0, 102228.0)	(56.0, 110188.0)	(57.0, 117113.0)	(58.0, 122316.0)	(59.0, 125068.0)	(60.0, 125203.0)	(61.0, 123606.0)	(62.0, 119411.5)	(63.0, 112004.5)	(64.0, 102531.5)	(65.0, 91201.5)	(66.0, 78870.5)	(67.0, 67014.5)	(68.0, 55294.0)	(69.0, 44051.0)	(70.0, 33532.0)	(71.0, 24435.5)	(72.0, 17582.0)	(73.0, 12184.0)	(74.0, 7960.0)	(75.0, 5020.5)	(76.0, 2930.5)	(77.0, 1617.0)	(78.0, 961.0)	(79.0, 586.5)	(80.0, 321.5)	(81.0, 187.0)	(82.0, 131.0)	(83.0, 108.0)	(84.0, 89.5)	(85.0, 82.5)	(86.0, 80.5)	(87.0, 73.5)	(88.0, 71.5)	(89.0, 82.0)	(90.0, 78.0)	(91.0, 69.5)	(92.0, 72.0)	(93.0, 74.5)	(94.0, 73.5)	(95.0, 73.5)	(96.0, 79.0)	(97.0, 136.5)	(98.0, 256.0)	(99.0, 548.0)	(100.0, 4254.0)
DRR898376_1	(0.0, 0.0)	(1.0, 0.0)	(2.0, 0.0)	(3.0, 0.0)	(4.0, 0.0)	(5.0, 0.0)	(6.0, 0.0)	(7.0, 0.0)	(8.0, 0.0)	(9.0, 0.0)	(10.0, 0.5)	(11.0, 0.5)	(12.0, 0.0)	(13.0, 0.0)	(14.0, 1.0)	(15.0, 1.5)	(16.0, 2.5)	(17.0, 4.0)	(18.0, 3.5)	(19.0, 8.0)	(20.0, 12.5)	(21.0, 15.0)	(22.0, 34.0)	(23.0, 58.0)	(24.0, 87.5)	(25.0, 122.5)	(26.0, 184.0)	(27.0, 294.0)	(28.0, 443.0)	(29.0, 670.5)	(30.0, 1004.0)	(31.0, 1375.0)	(32.0, 1782.5)	(33.0, 2404.0)	(34.0, 3207.0)	(35.0, 3978.5)	(36.0, 4835.5)	(37.0, 5905.5)	(38.0, 7039.0)	(39.0, 7986.0)	(40.0, 9189.5)	(41.0, 10876.5)	(42.0, 12705.0)	(43.0, 14873.5)	(44.0, 17443.0)	(45.0, 20191.5)	(46.0, 23503.0)	(47.0, 27655.5)	(48.0, 32312.0)	(49.0, 37775.5)	(50.0, 44026.0)	(51.0, 50570.5)	(52.0, 58258.0)	(53.0, 66349.5)	(54.0, 74043.5)	(55.0, 81813.5)	(56.0, 88298.0)	(57.0, 93086.0)	(58.0, 96557.0)	(59.0, 97608.5)	(60.0, 96036.0)	(61.0, 92548.0)	(62.0, 86637.5)	(63.0, 79595.5)	(64.0, 72053.0)	(65.0, 63225.5)	(66.0, 53777.5)	(67.0, 44418.0)	(68.0, 35845.0)	(69.0, 28367.5)	(70.0, 21439.0)	(71.0, 15400.5)	(72.0, 10803.0)	(73.0, 7363.0)	(74.0, 4808.0)	(75.0, 2892.5)	(76.0, 1691.0)	(77.0, 972.0)	(78.0, 532.5)	(79.0, 273.5)	(80.0, 127.0)	(81.0, 58.5)	(82.0, 24.5)	(83.0, 9.5)	(84.0, 2.0)	(85.0, 1.0)	(86.0, 1.0)	(87.0, 0.0)	(88.0, 0.0)	(89.0, 0.5)	(90.0, 0.5)	(91.0, 0.0)	(92.0, 0.0)	(93.0, 0.0)	(94.0, 0.5)	(95.0, 0.5)	(96.0, 0.5)	(97.0, 3.5)	(98.0, 10.0)	(99.0, 9.5)	(100.0, 3.0)
DRR898376_2	(0.0, 0.0)	(1.0, 0.0)	(2.0, 0.0)	(3.0, 0.0)	(4.0, 0.0)	(5.0, 0.5)	(6.0, 0.5)	(7.0, 0.5)	(8.0, 0.5)	(9.0, 0.0)	(10.0, 0.0)	(11.0, 0.0)	(12.0, 0.5)	(13.0, 1.0)	(14.0, 1.5)	(15.0, 1.0)	(16.0, 3.0)	(17.0, 5.0)	(18.0, 3.5)	(19.0, 6.5)	(20.0, 11.0)	(21.0, 20.0)	(22.0, 34.0)	(23.0, 61.0)	(24.0, 101.0)	(25.0, 140.0)	(26.0, 221.0)	(27.0, 322.0)	(28.0, 464.5)	(29.0, 702.0)	(30.0, 953.0)	(31.0, 1289.0)	(32.0, 1761.0)	(33.0, 2346.0)	(34.0, 3082.0)	(35.0, 3888.5)	(36.0, 4837.5)	(37.0, 5817.5)	(38.0, 6760.0)	(39.0, 7792.5)	(40.0, 9146.5)	(41.0, 10783.5)	(42.0, 12626.0)	(43.0, 14864.5)	(44.0, 17430.5)	(45.0, 20044.5)	(46.0, 23457.5)	(47.0, 28092.0)	(48.0, 32992.0)	(49.0, 38949.5)	(50.0, 45425.5)	(51.0, 51971.5)	(52.0, 59757.0)	(53.0, 67761.5)	(54.0, 74899.0)	(55.0, 82082.5)	(56.0, 88305.0)	(57.0, 92497.0)	(58.0, 94665.5)	(59.0, 94908.0)	(60.0, 93775.5)	(61.0, 90365.5)	(62.0, 84950.5)	(63.0, 78499.5)	(64.0, 70944.5)	(65.0, 62555.0)	(66.0, 53449.5)	(67.0, 44315.5)	(68.0, 35890.5)	(69.0, 28137.0)	(70.0, 21354.0)	(71.0, 15593.5)	(72.0, 10962.5)	(73.0, 7419.5)	(74.0, 4766.5)	(75.0, 2974.5)	(76.0, 1839.0)	(77.0, 1044.5)	(78.0, 617.5)	(79.0, 370.0)	(80.0, 202.0)	(81.0, 113.5)	(82.0, 78.0)	(83.0, 54.5)	(84.0, 44.0)	(85.0, 41.0)	(86.0, 38.5)	(87.0, 41.5)	(88.0, 43.5)	(89.0, 38.0)	(90.0, 35.5)	(91.0, 39.0)	(92.0, 33.5)	(93.0, 34.0)	(94.0, 36.5)	(95.0, 33.5)	(96.0, 49.5)	(97.0, 75.5)	(98.0, 113.5)	(99.0, 231.5)	(100.0, 2599.5)
DRR898377_1	(0.0, 0.0)	(1.0, 0.0)	(2.0, 0.0)	(3.0, 0.0)	(4.0, 0.0)	(5.0, 0.0)	(6.0, 0.0)	(7.0, 0.0)	(8.0, 0.0)	(9.0, 0.0)	(10.0, 0.5)	(11.0, 0.5)	(12.0, 0.0)	(13.0, 0.0)	(14.0, 0.5)	(15.0, 0.5)	(16.0, 0.5)	(17.0, 1.0)	(18.0, 3.5)	(19.0, 5.5)	(20.0, 6.5)	(21.0, 10.0)	(22.0, 17.5)	(23.0, 37.5)	(24.0, 62.5)	(25.0, 104.5)	(26.0, 169.0)	(27.0, 256.5)	(28.0, 376.5)	(29.0, 535.5)	(30.0, 789.5)	(31.0, 1113.5)	(32.0, 1482.5)	(33.0, 1966.0)	(34.0, 2554.5)	(35.0, 3233.0)	(36.0, 4041.5)	(37.0, 4911.0)	(38.0, 5732.5)	(39.0, 6712.5)	(40.0, 8101.0)	(41.0, 9621.5)	(42.0, 11159.0)	(43.0, 12993.5)	(44.0, 15469.0)	(45.0, 18300.5)	(46.0, 21515.0)	(47.0, 25492.5)	(48.0, 30349.0)	(49.0, 36081.0)	(50.0, 42438.5)	(51.0, 49155.5)	(52.0, 57285.5)	(53.0, 66492.5)	(54.0, 75329.5)	(55.0, 84577.5)	(56.0, 92695.0)	(57.0, 99399.5)	(58.0, 104084.5)	(59.0, 105766.5)	(60.0, 105982.0)	(61.0, 103808.0)	(62.0, 98965.0)	(63.0, 92631.5)	(64.0, 84521.5)	(65.0, 74913.0)	(66.0, 65075.5)	(67.0, 54902.5)	(68.0, 44604.5)	(69.0, 35406.0)	(70.0, 26999.5)	(71.0, 19526.0)	(72.0, 13841.0)	(73.0, 9468.0)	(74.0, 6133.0)	(75.0, 3739.0)	(76.0, 2142.5)	(77.0, 1227.0)	(78.0, 709.5)	(79.0, 376.0)	(80.0, 176.0)	(81.0, 68.0)	(82.0, 28.0)	(83.0, 12.5)	(84.0, 6.0)	(85.0, 2.5)	(86.0, 1.0)	(87.0, 1.0)	(88.0, 1.0)	(89.0, 1.0)	(90.0, 1.0)	(91.0, 0.5)	(92.0, 0.5)	(93.0, 1.5)	(94.0, 1.5)	(95.0, 1.0)	(96.0, 1.0)	(97.0, 1.5)	(98.0, 6.5)	(99.0, 10.0)	(100.0, 5.5)
DRR898377_2	(0.0, 1.0)	(1.0, 1.0)	(2.0, 1.0)	(3.0, 0.5)	(4.0, 0.0)	(5.0, 0.5)	(6.0, 0.5)	(7.0, 0.0)	(8.0, 0.0)	(9.0, 0.0)	(10.0, 0.0)	(11.0, 0.5)	(12.0, 0.5)	(13.0, 1.5)	(14.0, 1.5)	(15.0, 0.5)	(16.0, 1.5)	(17.0, 4.5)	(18.0, 6.0)	(19.0, 8.0)	(20.0, 9.0)	(21.0, 16.5)	(22.0, 32.0)	(23.0, 51.5)	(24.0, 72.5)	(25.0, 125.5)	(26.0, 192.0)	(27.0, 261.5)	(28.0, 394.0)	(29.0, 589.5)	(30.0, 805.5)	(31.0, 1097.0)	(32.0, 1507.0)	(33.0, 1953.0)	(34.0, 2479.0)	(35.0, 3149.0)	(36.0, 3936.5)	(37.0, 4757.0)	(38.0, 5544.5)	(39.0, 6546.5)	(40.0, 7905.5)	(41.0, 9500.0)	(42.0, 11087.0)	(43.0, 13028.0)	(44.0, 15421.0)	(45.0, 18146.5)	(46.0, 21648.5)	(47.0, 25629.0)	(48.0, 30285.5)	(49.0, 36143.5)	(50.0, 42711.0)	(51.0, 49724.5)	(52.0, 58156.0)	(53.0, 66931.5)	(54.0, 75554.0)	(55.0, 84727.5)	(56.0, 92915.0)	(57.0, 99391.5)	(58.0, 103933.0)	(59.0, 105950.0)	(60.0, 105555.5)	(61.0, 102774.5)	(62.0, 97876.5)	(63.0, 91380.0)	(64.0, 82700.0)	(65.0, 72871.0)	(66.0, 62944.5)	(67.0, 52915.5)	(68.0, 42937.0)	(69.0, 33477.0)	(70.0, 25335.5)	(71.0, 18472.0)	(72.0, 12988.0)	(73.0, 8896.5)	(74.0, 5794.5)	(75.0, 3529.5)	(76.0, 2072.0)	(77.0, 1207.0)	(78.0, 710.5)	(79.0, 412.5)	(80.0, 229.0)	(81.0, 123.0)	(82.0, 91.5)	(83.0, 73.0)	(84.0, 66.5)	(85.0, 61.5)	(86.0, 58.0)	(87.0, 50.5)	(88.0, 48.5)	(89.0, 51.5)	(90.0, 51.5)	(91.0, 58.0)	(92.0, 52.5)	(93.0, 50.5)	(94.0, 55.5)	(95.0, 61.5)	(96.0, 81.0)	(97.0, 129.5)	(98.0, 207.5)	(99.0, 536.0)	(100.0, 8410.0)
DRR898379_1	(0.0, 0.0)	(1.0, 0.0)	(2.0, 0.0)	(3.0, 0.0)	(4.0, 0.0)	(5.0, 0.0)	(6.0, 0.0)	(7.0, 0.0)	(8.0, 0.0)	(9.0, 0.0)	(10.0, 0.0)	(11.0, 0.0)	(12.0, 0.0)	(13.0, 0.0)	(14.0, 0.5)	(15.0, 2.0)	(16.0, 1.5)	(17.0, 1.0)	(18.0, 2.5)	(19.0, 9.0)	(20.0, 24.5)	(21.0, 55.5)	(22.0, 94.0)	(23.0, 151.0)	(24.0, 278.5)	(25.0, 436.5)	(26.0, 642.0)	(27.0, 920.0)	(28.0, 1271.0)	(29.0, 1755.0)	(30.0, 2357.0)	(31.0, 3155.0)	(32.0, 4176.5)	(33.0, 5231.5)	(34.0, 6381.0)	(35.0, 7947.0)	(36.0, 9761.5)	(37.0, 11839.5)	(38.0, 14067.0)	(39.0, 16218.5)	(40.0, 18850.5)	(41.0, 21850.5)	(42.0, 25098.5)	(43.0, 29297.5)	(44.0, 34539.5)	(45.0, 40928.5)	(46.0, 48569.5)	(47.0, 57050.0)	(48.0, 67118.5)	(49.0, 79495.5)	(50.0, 92953.0)	(51.0, 107162.0)	(52.0, 122761.0)	(53.0, 138802.0)	(54.0, 155045.0)	(55.0, 170317.0)	(56.0, 182819.0)	(57.0, 192886.0)	(58.0, 200666.0)	(59.0, 204642.0)	(60.0, 204705.5)	(61.0, 202308.0)	(62.0, 195353.0)	(63.0, 182760.0)	(64.0, 166596.0)	(65.0, 147980.5)	(66.0, 128716.5)	(67.0, 109422.5)	(68.0, 90434.0)	(69.0, 72045.0)	(70.0, 54833.5)	(71.0, 40644.5)	(72.0, 29191.5)	(73.0, 19961.0)	(74.0, 12993.5)	(75.0, 8141.5)	(76.0, 4787.5)	(77.0, 2564.0)	(78.0, 1469.5)	(79.0, 858.0)	(80.0, 406.0)	(81.0, 183.5)	(82.0, 88.5)	(83.0, 46.5)	(84.0, 19.0)	(85.0, 7.0)	(86.0, 5.0)	(87.0, 3.5)	(88.0, 2.5)	(89.0, 2.0)	(90.0, 0.5)	(91.0, 1.5)	(92.0, 3.0)	(93.0, 4.0)	(94.0, 3.0)	(95.0, 0.5)	(96.0, 2.5)	(97.0, 4.0)	(98.0, 5.5)	(99.0, 4.0)	(100.0, 0.5)
DRR898379_2	(0.0, 0.0)	(1.0, 0.0)	(2.0, 0.0)	(3.0, 0.0)	(4.0, 0.0)	(5.0, 0.0)	(6.0, 0.0)	(7.0, 0.0)	(8.0, 0.0)	(9.0, 0.0)	(10.0, 0.0)	(11.0, 0.0)	(12.0, 0.5)	(13.0, 1.0)	(14.0, 1.5)	(15.0, 1.0)	(16.0, 1.0)	(17.0, 2.0)	(18.0, 5.0)	(19.0, 11.0)	(20.0, 27.5)	(21.0, 56.0)	(22.0, 98.0)	(23.0, 153.0)	(24.0, 261.5)	(25.0, 430.5)	(26.0, 609.0)	(27.0, 905.5)	(28.0, 1288.0)	(29.0, 1710.5)	(30.0, 2346.5)	(31.0, 3191.5)	(32.0, 4040.0)	(33.0, 5121.5)	(34.0, 6485.0)	(35.0, 7923.0)	(36.0, 9694.5)	(37.0, 11744.5)	(38.0, 13848.5)	(39.0, 16207.5)	(40.0, 18787.5)	(41.0, 21607.5)	(42.0, 24887.0)	(43.0, 29292.5)	(44.0, 34960.5)	(45.0, 40954.0)	(46.0, 48277.5)	(47.0, 57063.0)	(48.0, 67094.0)	(49.0, 79363.5)	(50.0, 92718.0)	(51.0, 107069.5)	(52.0, 123147.0)	(53.0, 138818.0)	(54.0, 154512.0)	(55.0, 169563.5)	(56.0, 182288.5)	(57.0, 193222.0)	(58.0, 200966.5)	(59.0, 204977.5)	(60.0, 205010.0)	(61.0, 201352.5)	(62.0, 193580.0)	(63.0, 181070.5)	(64.0, 165279.5)	(65.0, 146519.0)	(66.0, 126361.5)	(67.0, 106786.0)	(68.0, 88133.0)	(69.0, 69533.5)	(70.0, 52296.5)	(71.0, 38626.0)	(72.0, 27495.5)	(73.0, 18656.0)	(74.0, 12232.0)	(75.0, 7787.0)	(76.0, 4559.5)	(77.0, 2453.0)	(78.0, 1441.5)	(79.0, 869.0)	(80.0, 498.5)	(81.0, 303.5)	(82.0, 190.5)	(83.0, 142.5)	(84.0, 132.5)	(85.0, 129.0)	(86.0, 103.5)	(87.0, 99.0)	(88.0, 118.5)	(89.0, 125.5)	(90.0, 111.5)	(91.0, 104.0)	(92.0, 112.5)	(93.0, 113.5)	(94.0, 122.0)	(95.0, 123.5)	(96.0, 171.5)	(97.0, 295.0)	(98.0, 540.0)	(99.0, 1249.5)	(100.0, 12259.5)
DRR898407_1	(0.0, 0.0)	(1.0, 0.0)	(2.0, 0.0)	(3.0, 0.0)	(4.0, 0.0)	(5.0, 0.0)	(6.0, 0.0)	(7.0, 0.0)	(8.0, 0.0)	(9.0, 0.0)	(10.0, 0.0)	(11.0, 0.0)	(12.0, 0.0)	(13.0, 0.0)	(14.0, 0.5)	(15.0, 0.5)	(16.0, 0.0)	(17.0, 0.5)	(18.0, 2.5)	(19.0, 7.5)	(20.0, 10.5)	(21.0, 21.5)	(22.0, 40.0)	(23.0, 72.5)	(24.0, 118.0)	(25.0, 168.0)	(26.0, 264.5)	(27.0, 429.0)	(28.0, 635.5)	(29.0, 906.0)	(30.0, 1311.5)	(31.0, 1764.0)	(32.0, 2263.5)	(33.0, 2913.5)	(34.0, 3717.5)	(35.0, 4670.5)	(36.0, 5669.5)	(37.0, 6897.0)	(38.0, 8288.0)	(39.0, 9732.0)	(40.0, 11661.0)	(41.0, 13861.0)	(42.0, 16207.0)	(43.0, 19115.0)	(44.0, 22648.0)	(45.0, 26407.0)	(46.0, 30797.0)	(47.0, 36389.0)	(48.0, 42558.5)	(49.0, 50023.5)	(50.0, 59042.0)	(51.0, 68844.5)	(52.0, 79488.5)	(53.0, 91064.5)	(54.0, 103354.5)	(55.0, 114857.5)	(56.0, 124744.0)	(57.0, 132754.5)	(58.0, 138062.0)	(59.0, 140591.5)	(60.0, 139970.0)	(61.0, 135961.5)	(62.0, 129532.5)	(63.0, 120485.0)	(64.0, 108751.0)	(65.0, 95704.0)	(66.0, 82326.0)	(67.0, 69424.5)	(68.0, 56839.5)	(69.0, 44914.5)	(70.0, 34166.0)	(71.0, 24958.0)	(72.0, 17951.5)	(73.0, 12581.0)	(74.0, 8412.5)	(75.0, 5412.0)	(76.0, 3258.0)	(77.0, 1859.5)	(78.0, 1091.0)	(79.0, 571.0)	(80.0, 287.0)	(81.0, 155.5)	(82.0, 85.0)	(83.0, 48.0)	(84.0, 22.0)	(85.0, 16.0)	(86.0, 6.0)	(87.0, 1.5)	(88.0, 1.0)	(89.0, 1.0)	(90.0, 0.5)	(91.0, 1.0)	(92.0, 1.0)	(93.0, 1.0)	(94.0, 2.5)	(95.0, 1.5)	(96.0, 1.0)	(97.0, 4.5)	(98.0, 9.0)	(99.0, 10.0)	(100.0, 4.5)
DRR898407_2	(0.0, 0.0)	(1.0, 0.0)	(2.0, 0.0)	(3.0, 0.0)	(4.0, 0.0)	(5.0, 0.0)	(6.0, 0.0)	(7.0, 0.0)	(8.0, 0.0)	(9.0, 0.5)	(10.0, 0.5)	(11.0, 0.0)	(12.0, 0.5)	(13.0, 0.5)	(14.0, 0.0)	(15.0, 0.0)	(16.0, 0.0)	(17.0, 2.0)	(18.0, 6.0)	(19.0, 10.5)	(20.0, 20.0)	(21.0, 31.0)	(22.0, 45.5)	(23.0, 81.5)	(24.0, 133.0)	(25.0, 192.5)	(26.0, 298.5)	(27.0, 447.0)	(28.0, 664.0)	(29.0, 947.5)	(30.0, 1299.5)	(31.0, 1762.5)	(32.0, 2339.0)	(33.0, 2996.5)	(34.0, 3687.5)	(35.0, 4510.5)	(36.0, 5578.5)	(37.0, 6760.0)	(38.0, 8114.5)	(39.0, 9789.0)	(40.0, 11530.5)	(41.0, 13600.5)	(42.0, 16069.5)	(43.0, 18823.0)	(44.0, 22515.0)	(45.0, 26428.0)	(46.0, 30657.0)	(47.0, 36231.5)	(48.0, 42980.0)	(49.0, 50990.5)	(50.0, 59807.5)	(51.0, 69255.0)	(52.0, 80331.5)	(53.0, 92503.5)	(54.0, 104499.5)	(55.0, 115642.0)	(56.0, 125386.5)	(57.0, 133471.5)	(58.0, 138768.0)	(59.0, 140051.0)	(60.0, 138311.5)	(61.0, 134342.0)	(62.0, 127569.0)	(63.0, 118400.5)	(64.0, 107464.0)	(65.0, 94920.0)	(66.0, 81237.0)	(67.0, 68097.5)	(68.0, 55478.5)	(69.0, 43855.0)	(70.0, 33421.0)	(71.0, 24058.5)	(72.0, 17250.5)	(73.0, 12031.5)	(74.0, 7773.5)	(75.0, 4785.5)	(76.0, 2823.5)	(77.0, 1631.5)	(78.0, 954.5)	(79.0, 566.0)	(80.0, 326.0)	(81.0, 203.5)	(82.0, 143.0)	(83.0, 104.5)	(84.0, 72.0)	(85.0, 67.5)	(86.0, 67.0)	(87.0, 61.5)	(88.0, 59.0)	(89.0, 58.5)	(90.0, 51.0)	(91.0, 53.0)	(92.0, 65.5)	(93.0, 62.5)	(94.0, 57.5)	(95.0, 75.5)	(96.0, 98.5)	(97.0, 120.0)	(98.0, 200.0)	(99.0, 446.5)	(100.0, 5447.0)
DRR898409_1	(0.0, 0.0)	(1.0, 0.0)	(2.0, 0.0)	(3.0, 0.0)	(4.0, 0.0)	(5.0, 0.0)	(6.0, 0.0)	(7.0, 0.0)	(8.0, 0.0)	(9.0, 0.0)	(10.0, 0.0)	(11.0, 0.0)	(12.0, 0.0)	(13.0, 0.0)	(14.0, 0.0)	(15.0, 2.5)	(16.0, 5.5)	(17.0, 13.5)	(18.0, 29.0)	(19.0, 56.0)	(20.0, 98.0)	(21.0, 146.5)	(22.0, 197.5)	(23.0, 322.0)	(24.0, 519.0)	(25.0, 773.0)	(26.0, 1123.5)	(27.0, 1581.5)	(28.0, 2135.0)	(29.0, 2877.0)	(30.0, 3792.5)	(31.0, 4850.5)	(32.0, 6189.5)	(33.0, 7565.5)	(34.0, 8855.0)	(35.0, 10438.5)	(36.0, 12434.5)	(37.0, 14751.0)	(38.0, 17179.5)	(39.0, 19821.5)	(40.0, 22037.5)	(41.0, 24505.5)	(42.0, 27789.0)	(43.0, 31655.5)	(44.0, 36697.0)	(45.0, 41562.0)	(46.0, 47015.0)	(47.0, 54316.5)	(48.0, 62324.0)	(49.0, 70852.0)	(50.0, 80300.0)	(51.0, 90431.5)	(52.0, 102125.0)	(53.0, 114613.5)	(54.0, 126931.5)	(55.0, 139109.0)	(56.0, 149089.5)	(57.0, 155680.5)	(58.0, 159096.0)	(59.0, 160486.5)	(60.0, 158795.0)	(61.0, 153009.0)	(62.0, 143775.0)	(63.0, 131956.0)	(64.0, 117963.5)	(65.0, 102834.5)	(66.0, 88036.0)	(67.0, 73390.0)	(68.0, 59439.5)	(69.0, 46638.0)	(70.0, 35016.0)	(71.0, 25053.0)	(72.0, 17673.0)	(73.0, 12412.0)	(74.0, 8268.0)	(75.0, 5223.0)	(76.0, 3215.0)	(77.0, 1881.5)	(78.0, 1056.0)	(79.0, 585.5)	(80.0, 314.5)	(81.0, 189.0)	(82.0, 105.0)	(83.0, 49.0)	(84.0, 22.0)	(85.0, 18.0)	(86.0, 12.0)	(87.0, 6.0)	(88.0, 4.5)	(89.0, 3.0)	(90.0, 3.0)	(91.0, 4.0)	(92.0, 3.0)	(93.0, 1.5)	(94.0, 1.5)	(95.0, 1.5)	(96.0, 6.0)	(97.0, 6.0)	(98.0, 4.0)	(99.0, 6.5)	(100.0, 3.0)
DRR898409_2	(0.0, 0.0)	(1.0, 0.0)	(2.0, 0.0)	(3.0, 0.0)	(4.0, 0.0)	(5.0, 0.0)	(6.0, 0.0)	(7.0, 0.0)	(8.0, 0.0)	(9.0, 0.0)	(10.0, 0.0)	(11.0, 0.0)	(12.0, 0.0)	(13.0, 0.0)	(14.0, 1.0)	(15.0, 2.0)	(16.0, 3.0)	(17.0, 10.0)	(18.0, 28.5)	(19.0, 57.0)	(20.0, 92.5)	(21.0, 145.0)	(22.0, 191.5)	(23.0, 304.0)	(24.0, 483.5)	(25.0, 720.0)	(26.0, 1044.5)	(27.0, 1495.5)	(28.0, 2111.0)	(29.0, 2759.0)	(30.0, 3651.0)	(31.0, 4751.5)	(32.0, 5977.0)	(33.0, 7409.0)	(34.0, 8763.0)	(35.0, 10340.5)	(36.0, 12120.5)	(37.0, 14431.0)	(38.0, 17054.5)	(39.0, 19501.5)	(40.0, 21785.0)	(41.0, 24419.5)	(42.0, 27885.5)	(43.0, 31833.5)	(44.0, 36614.0)	(45.0, 41354.5)	(46.0, 46818.5)	(47.0, 54156.0)	(48.0, 62078.0)	(49.0, 70921.5)	(50.0, 81123.5)	(51.0, 91175.5)	(52.0, 101925.0)	(53.0, 114252.5)	(54.0, 126899.5)	(55.0, 138805.0)	(56.0, 148890.0)	(57.0, 155552.5)	(58.0, 158421.5)	(59.0, 158834.5)	(60.0, 157135.0)	(61.0, 152338.0)	(62.0, 143083.5)	(63.0, 131298.0)	(64.0, 117949.5)	(65.0, 102635.0)	(66.0, 87496.0)	(67.0, 73350.0)	(68.0, 59552.5)	(69.0, 46700.0)	(70.0, 35085.5)	(71.0, 25268.5)	(72.0, 18044.0)	(73.0, 12551.5)	(74.0, 8313.0)	(75.0, 5273.0)	(76.0, 3234.5)	(77.0, 1905.5)	(78.0, 1110.0)	(79.0, 649.0)	(80.0, 388.5)	(81.0, 258.5)	(82.0, 179.5)	(83.0, 113.0)	(84.0, 70.0)	(85.0, 64.0)	(86.0, 56.0)	(87.0, 49.0)	(88.0, 53.0)	(89.0, 56.0)	(90.0, 53.5)	(91.0, 51.5)	(92.0, 49.0)	(93.0, 47.5)	(94.0, 52.5)	(95.0, 57.0)	(96.0, 69.5)	(97.0, 113.5)	(98.0, 197.0)	(99.0, 421.0)	(100.0, 3544.5)
DRR898410_1	(0.0, 0.0)	(1.0, 0.0)	(2.0, 0.0)	(3.0, 0.0)	(4.0, 0.0)	(5.0, 0.0)	(6.0, 0.0)	(7.0, 0.0)	(8.0, 0.0)	(9.0, 0.0)	(10.0, 0.0)	(11.0, 0.0)	(12.0, 0.0)	(13.0, 0.0)	(14.0, 0.0)	(15.0, 0.0)	(16.0, 1.0)	(17.0, 7.0)	(18.0, 16.0)	(19.0, 25.0)	(20.0, 56.5)	(21.0, 109.0)	(22.0, 148.0)	(23.0, 208.0)	(24.0, 329.5)	(25.0, 515.0)	(26.0, 829.0)	(27.0, 1189.5)	(28.0, 1635.0)	(29.0, 2267.0)	(30.0, 3090.5)	(31.0, 4076.0)	(32.0, 5162.0)	(33.0, 6396.0)	(34.0, 7829.0)	(35.0, 9565.5)	(36.0, 11545.5)	(37.0, 13727.5)	(38.0, 15977.5)	(39.0, 18448.0)	(40.0, 21339.0)	(41.0, 25253.5)	(42.0, 29695.0)	(43.0, 34684.5)	(44.0, 40668.0)	(45.0, 47436.0)	(46.0, 55192.0)	(47.0, 64459.0)	(48.0, 75884.5)	(49.0, 88217.0)	(50.0, 101270.5)	(51.0, 116693.5)	(52.0, 134049.0)	(53.0, 150895.5)	(54.0, 167332.0)	(55.0, 184244.5)	(56.0, 200247.0)	(57.0, 214050.5)	(58.0, 224985.5)	(59.0, 230961.5)	(60.0, 233067.5)	(61.0, 230334.0)	(62.0, 222074.0)	(63.0, 211044.0)	(64.0, 195267.0)	(65.0, 175055.5)	(66.0, 152411.0)	(67.0, 129666.0)	(68.0, 107796.0)	(69.0, 86822.5)	(70.0, 67022.5)	(71.0, 48897.0)	(72.0, 35074.5)	(73.0, 24843.0)	(74.0, 16457.0)	(75.0, 10557.5)	(76.0, 6538.5)	(77.0, 3787.0)	(78.0, 2353.0)	(79.0, 1412.5)	(80.0, 733.0)	(81.0, 372.5)	(82.0, 196.0)	(83.0, 67.5)	(84.0, 23.0)	(85.0, 13.0)	(86.0, 7.5)	(87.0, 2.0)	(88.0, 1.0)	(89.0, 2.0)	(90.0, 2.0)	(91.0, 3.0)	(92.0, 4.0)	(93.0, 2.5)	(94.0, 4.5)	(95.0, 5.5)	(96.0, 2.5)	(97.0, 1.0)	(98.0, 1.5)	(99.0, 2.5)	(100.0, 1.5)
DRR898410_2	(0.0, 0.0)	(1.0, 0.0)	(2.0, 0.0)	(3.0, 0.0)	(4.0, 0.0)	(5.0, 0.0)	(6.0, 0.0)	(7.0, 0.0)	(8.0, 0.0)	(9.0, 0.0)	(10.0, 0.0)	(11.0, 0.0)	(12.0, 0.0)	(13.0, 0.0)	(14.0, 0.0)	(15.0, 0.0)	(16.0, 0.0)	(17.0, 3.5)	(18.0, 11.0)	(19.0, 17.5)	(20.0, 40.0)	(21.0, 87.5)	(22.0, 134.5)	(23.0, 199.5)	(24.0, 297.5)	(25.0, 493.5)	(26.0, 803.5)	(27.0, 1173.0)	(28.0, 1677.5)	(29.0, 2308.0)	(30.0, 3128.5)	(31.0, 4085.5)	(32.0, 5242.0)	(33.0, 6546.0)	(34.0, 7902.0)	(35.0, 9473.0)	(36.0, 11297.5)	(37.0, 13482.5)	(38.0, 15967.5)	(39.0, 18624.0)	(40.0, 21473.5)	(41.0, 25299.0)	(42.0, 29903.5)	(43.0, 34831.0)	(44.0, 40559.0)	(45.0, 47320.5)	(46.0, 55303.5)	(47.0, 64854.0)	(48.0, 75625.0)	(49.0, 88110.5)	(50.0, 101886.5)	(51.0, 116321.0)	(52.0, 133763.0)	(53.0, 150907.0)	(54.0, 166880.5)	(55.0, 184145.5)	(56.0, 200085.5)	(57.0, 213355.5)	(58.0, 223825.5)	(59.0, 229699.0)	(60.0, 231564.0)	(61.0, 228663.0)	(62.0, 219892.5)	(63.0, 208378.5)	(64.0, 192187.0)	(65.0, 171870.5)	(66.0, 149423.5)	(67.0, 127035.5)	(68.0, 105403.5)	(69.0, 84503.0)	(70.0, 65107.0)	(71.0, 47618.0)	(72.0, 34205.0)	(73.0, 24050.5)	(74.0, 16145.5)	(75.0, 10391.0)	(76.0, 6441.5)	(77.0, 3761.5)	(78.0, 2360.5)	(79.0, 1435.0)	(80.0, 815.0)	(81.0, 506.5)	(82.0, 325.0)	(83.0, 206.0)	(84.0, 157.0)	(85.0, 152.0)	(86.0, 146.5)	(87.0, 146.5)	(88.0, 145.0)	(89.0, 144.0)	(90.0, 149.5)	(91.0, 157.0)	(92.0, 164.5)	(93.0, 167.5)	(94.0, 181.0)	(95.0, 212.0)	(96.0, 268.5)	(97.0, 435.0)	(98.0, 823.0)	(99.0, 1801.0)	(100.0, 14607.5)
DRR898411_1	(0.0, 0.0)	(1.0, 0.0)	(2.0, 0.0)	(3.0, 0.0)	(4.0, 0.0)	(5.0, 0.0)	(6.0, 0.0)	(7.0, 0.0)	(8.0, 0.0)	(9.0, 0.0)	(10.0, 0.0)	(11.0, 0.0)	(12.0, 0.0)	(13.0, 0.0)	(14.0, 0.0)	(15.0, 0.0)	(16.0, 0.0)	(17.0, 0.5)	(18.0, 0.5)	(19.0, 4.0)	(20.0, 9.5)	(21.0, 12.0)	(22.0, 15.5)	(23.0, 30.0)	(24.0, 67.0)	(25.0, 107.5)	(26.0, 138.5)	(27.0, 213.0)	(28.0, 343.0)	(29.0, 466.0)	(30.0, 612.5)	(31.0, 872.5)	(32.0, 1157.5)	(33.0, 1374.0)	(34.0, 1645.0)	(35.0, 2025.0)	(36.0, 2439.0)	(37.0, 3000.5)	(38.0, 3654.5)	(39.0, 4317.0)	(40.0, 5082.0)	(41.0, 6043.0)	(42.0, 7201.5)	(43.0, 8620.0)	(44.0, 10146.0)	(45.0, 11848.5)	(46.0, 13991.0)	(47.0, 16482.5)	(48.0, 19477.0)	(49.0, 22921.0)	(50.0, 26496.5)	(51.0, 30559.5)	(52.0, 35274.5)	(53.0, 39590.0)	(54.0, 43898.5)	(55.0, 48526.0)	(56.0, 52441.0)	(57.0, 55375.5)	(58.0, 57218.0)	(59.0, 58495.0)	(60.0, 58552.0)	(61.0, 57296.5)	(62.0, 55497.5)	(63.0, 52596.5)	(64.0, 48005.5)	(65.0, 42803.5)	(66.0, 37665.5)	(67.0, 32149.0)	(68.0, 26612.0)	(69.0, 21392.5)	(70.0, 16571.0)	(71.0, 12250.5)	(72.0, 8808.0)	(73.0, 6179.5)	(74.0, 4203.0)	(75.0, 2700.0)	(76.0, 1611.0)	(77.0, 897.5)	(78.0, 522.0)	(79.0, 300.0)	(80.0, 149.0)	(81.0, 88.0)	(82.0, 47.0)	(83.0, 20.5)	(84.0, 9.5)	(85.0, 7.5)	(86.0, 3.0)	(87.0, 0.5)	(88.0, 0.5)	(89.0, 0.0)	(90.0, 0.0)	(91.0, 0.0)	(92.0, 0.0)	(93.0, 0.0)	(94.0, 0.0)	(95.0, 0.0)	(96.0, 0.0)	(97.0, 0.0)	(98.0, 0.0)	(99.0, 0.0)	(100.0, 1.0)
DRR898411_2	(0.0, 0.0)	(1.0, 0.0)	(2.0, 0.0)	(3.0, 0.0)	(4.0, 0.0)	(5.0, 0.0)	(6.0, 0.0)	(7.0, 0.0)	(8.0, 0.5)	(9.0, 0.5)	(10.0, 0.0)	(11.0, 0.5)	(12.0, 0.5)	(13.0, 0.0)	(14.0, 0.5)	(15.0, 0.5)	(16.0, 0.0)	(17.0, 3.0)	(18.0, 3.5)	(19.0, 1.0)	(20.0, 13.5)	(21.0, 22.0)	(22.0, 20.5)	(23.0, 35.0)	(24.0, 67.5)	(25.0, 112.0)	(26.0, 183.5)	(27.0, 264.5)	(28.0, 352.0)	(29.0, 516.5)	(30.0, 723.0)	(31.0, 913.0)	(32.0, 1135.0)	(33.0, 1444.0)	(34.0, 1849.0)	(35.0, 2234.5)	(36.0, 2633.0)	(37.0, 3117.0)	(38.0, 3764.0)	(39.0, 4464.5)	(40.0, 5213.0)	(41.0, 6137.5)	(42.0, 7199.0)	(43.0, 8629.0)	(44.0, 10375.0)	(45.0, 12139.0)	(46.0, 14122.5)	(47.0, 16681.0)	(48.0, 19794.0)	(49.0, 23257.0)	(50.0, 26900.5)	(51.0, 30711.0)	(52.0, 35029.0)	(53.0, 39430.5)	(54.0, 43748.5)	(55.0, 48431.0)	(56.0, 52476.5)	(57.0, 55106.5)	(58.0, 56941.5)	(59.0, 58237.5)	(60.0, 58593.5)	(61.0, 57491.0)	(62.0, 55227.0)	(63.0, 51960.5)	(64.0, 47647.5)	(65.0, 42602.0)	(66.0, 37270.5)	(67.0, 31936.5)	(68.0, 26361.5)	(69.0, 21085.5)	(70.0, 16388.0)	(71.0, 12155.0)	(72.0, 8762.5)	(73.0, 6198.5)	(74.0, 4203.0)	(75.0, 2728.5)	(76.0, 1666.0)	(77.0, 968.0)	(78.0, 594.0)	(79.0, 371.5)	(80.0, 195.0)	(81.0, 111.5)	(82.0, 58.0)	(83.0, 28.0)	(84.0, 21.5)	(85.0, 15.0)	(86.0, 9.5)	(87.0, 3.5)	(88.0, 6.0)	(89.0, 8.0)	(90.0, 5.0)	(91.0, 4.5)	(92.0, 3.5)	(93.0, 2.0)	(94.0, 0.5)	(95.0, 1.0)	(96.0, 1.5)	(97.0, 1.0)	(98.0, 0.5)	(99.0, 2.0)	(100.0, 6.0)
DRR898421_1	(0.0, 0.0)	(1.0, 0.0)	(2.0, 0.0)	(3.0, 0.0)	(4.0, 0.0)	(5.0, 0.0)	(6.0, 0.0)	(7.0, 0.0)	(8.0, 0.0)	(9.0, 0.0)	(10.0, 0.0)	(11.0, 0.0)	(12.0, 0.0)	(13.0, 0.0)	(14.0, 0.0)	(15.0, 0.5)	(16.0, 2.0)	(17.0, 10.5)	(18.0, 20.5)	(19.0, 42.0)	(20.0, 79.0)	(21.0, 112.0)	(22.0, 160.0)	(23.0, 230.5)	(24.0, 295.0)	(25.0, 386.0)	(26.0, 587.5)	(27.0, 852.5)	(28.0, 1145.0)	(29.0, 1519.0)	(30.0, 2022.5)	(31.0, 2650.0)	(32.0, 3394.0)	(33.0, 4310.5)	(34.0, 5255.0)	(35.0, 6399.5)	(36.0, 7751.0)	(37.0, 9395.5)	(38.0, 11139.0)	(39.0, 12664.0)	(40.0, 14299.0)	(41.0, 16316.0)	(42.0, 18845.5)	(43.0, 21776.0)	(44.0, 25024.5)	(45.0, 28938.5)	(46.0, 33452.0)	(47.0, 38889.5)	(48.0, 44886.0)	(49.0, 51566.0)	(50.0, 59552.0)	(51.0, 67671.0)	(52.0, 76608.5)	(53.0, 86029.5)	(54.0, 95309.0)	(55.0, 104523.0)	(56.0, 111667.0)	(57.0, 116848.5)	(58.0, 120104.5)	(59.0, 121039.0)	(60.0, 119900.0)	(61.0, 115610.5)	(62.0, 109182.0)	(63.0, 101064.5)	(64.0, 90841.0)	(65.0, 79377.0)	(66.0, 67935.5)	(67.0, 57297.5)	(68.0, 46557.5)	(69.0, 36076.0)	(70.0, 26948.0)	(71.0, 19426.5)	(72.0, 13638.5)	(73.0, 9344.5)	(74.0, 6219.0)	(75.0, 3945.0)	(76.0, 2340.0)	(77.0, 1321.0)	(78.0, 770.0)	(79.0, 469.5)	(80.0, 245.0)	(81.0, 111.5)	(82.0, 62.0)	(83.0, 33.0)	(84.0, 17.5)	(85.0, 14.5)	(86.0, 8.5)	(87.0, 4.0)	(88.0, 2.0)	(89.0, 1.5)	(90.0, 2.0)	(91.0, 1.0)	(92.0, 0.0)	(93.0, 0.0)	(94.0, 1.0)	(95.0, 1.5)	(96.0, 2.0)	(97.0, 1.5)	(98.0, 1.5)	(99.0, 2.0)	(100.0, 0.5)
DRR898421_2	(0.0, 0.0)	(1.0, 0.0)	(2.0, 0.0)	(3.0, 0.0)	(4.0, 0.0)	(5.0, 0.0)	(6.0, 0.0)	(7.0, 0.0)	(8.0, 0.0)	(9.0, 0.0)	(10.0, 0.0)	(11.0, 0.0)	(12.0, 0.0)	(13.0, 0.0)	(14.0, 1.5)	(15.0, 3.0)	(16.0, 6.0)	(17.0, 14.5)	(18.0, 24.0)	(19.0, 50.0)	(20.0, 95.5)	(21.0, 145.0)	(22.0, 194.5)	(23.0, 267.5)	(24.0, 326.5)	(25.0, 395.5)	(26.0, 552.0)	(27.0, 780.5)	(28.0, 1127.0)	(29.0, 1570.0)	(30.0, 2078.5)	(31.0, 2690.5)	(32.0, 3403.5)	(33.0, 4207.5)	(34.0, 5113.5)	(35.0, 6290.5)	(36.0, 7664.5)	(37.0, 9369.0)	(38.0, 11044.0)	(39.0, 12444.0)	(40.0, 14058.5)	(41.0, 16142.5)	(42.0, 18657.5)	(43.0, 21588.0)	(44.0, 25077.0)	(45.0, 28706.5)	(46.0, 33191.5)	(47.0, 38768.0)	(48.0, 44536.5)	(49.0, 51364.5)	(50.0, 59172.5)	(51.0, 67111.5)	(52.0, 75933.5)	(53.0, 85359.0)	(54.0, 95171.5)	(55.0, 104453.0)	(56.0, 111695.0)	(57.0, 116863.5)	(58.0, 119904.5)	(59.0, 120706.0)	(60.0, 119476.0)	(61.0, 115598.0)	(62.0, 109123.5)	(63.0, 101101.0)	(64.0, 91259.0)	(65.0, 79897.0)	(66.0, 68365.0)	(67.0, 57213.0)	(68.0, 46424.5)	(69.0, 36133.0)	(70.0, 26865.0)	(71.0, 19301.5)	(72.0, 13598.5)	(73.0, 9364.5)	(74.0, 6194.0)	(75.0, 3969.0)	(76.0, 2384.5)	(77.0, 1347.5)	(78.0, 798.0)	(79.0, 487.5)	(80.0, 282.0)	(81.0, 153.0)	(82.0, 91.5)	(83.0, 51.5)	(84.0, 34.5)	(85.0, 32.5)	(86.0, 30.5)	(87.0, 33.5)	(88.0, 26.5)	(89.0, 22.5)	(90.0, 27.0)	(91.0, 26.5)	(92.0, 24.0)	(93.0, 22.5)	(94.0, 30.0)	(95.0, 37.5)	(96.0, 52.0)	(97.0, 75.0)	(98.0, 108.0)	(99.0, 257.0)	(100.0, 2049.0)
DRR898438_1	(0.0, 0.0)	(1.0, 0.0)	(2.0, 0.0)	(3.0, 0.0)	(4.0, 0.0)	(5.0, 0.0)	(6.0, 0.0)	(7.0, 0.0)	(8.0, 0.0)	(9.0, 0.0)	(10.0, 0.0)	(11.0, 0.0)	(12.0, 0.0)	(13.0, 0.0)	(14.0, 0.0)	(15.0, 0.0)	(16.0, 1.0)	(17.0, 4.5)	(18.0, 10.0)	(19.0, 13.5)	(20.0, 23.5)	(21.0, 49.0)	(22.0, 86.0)	(23.0, 140.0)	(24.0, 241.0)	(25.0, 373.5)	(26.0, 559.0)	(27.0, 805.0)	(28.0, 1115.5)	(29.0, 1537.0)	(30.0, 2127.0)	(31.0, 2756.5)	(32.0, 3450.0)	(33.0, 4278.5)	(34.0, 5173.5)	(35.0, 6283.0)	(36.0, 7591.0)	(37.0, 8972.0)	(38.0, 10439.5)	(39.0, 12164.0)	(40.0, 13887.5)	(41.0, 15987.5)	(42.0, 18666.5)	(43.0, 21878.5)	(44.0, 25845.5)	(45.0, 30010.0)	(46.0, 34695.0)	(47.0, 40232.5)	(48.0, 46638.0)	(49.0, 54254.0)	(50.0, 62319.0)	(51.0, 70894.0)	(52.0, 81493.0)	(53.0, 93237.5)	(54.0, 104405.5)	(55.0, 115308.5)	(56.0, 124673.0)	(57.0, 132456.0)	(58.0, 137920.0)	(59.0, 139902.5)	(60.0, 139336.5)	(61.0, 136599.5)	(62.0, 130677.0)	(63.0, 121757.0)	(64.0, 110717.0)	(65.0, 98001.5)	(66.0, 84683.0)	(67.0, 71467.5)	(68.0, 58525.5)	(69.0, 46492.0)	(70.0, 35113.0)	(71.0, 25041.0)	(72.0, 17942.5)	(73.0, 12273.0)	(74.0, 7926.0)	(75.0, 4990.0)	(76.0, 2954.5)	(77.0, 1696.5)	(78.0, 998.0)	(79.0, 548.5)	(80.0, 278.0)	(81.0, 168.0)	(82.0, 87.0)	(83.0, 36.5)	(84.0, 17.0)	(85.0, 9.0)	(86.0, 3.5)	(87.0, 1.5)	(88.0, 1.5)	(89.0, 2.5)	(90.0, 4.5)	(91.0, 3.5)	(92.0, 2.5)	(93.0, 4.0)	(94.0, 3.5)	(95.0, 2.0)	(96.0, 1.0)	(97.0, 0.5)	(98.0, 0.5)	(99.0, 2.0)	(100.0, 1.5)
DRR898438_2	(0.0, 0.0)	(1.0, 0.0)	(2.0, 0.0)	(3.0, 0.0)	(4.0, 0.0)	(5.0, 0.0)	(6.0, 0.0)	(7.0, 0.0)	(8.0, 0.0)	(9.0, 0.0)	(10.0, 0.0)	(11.0, 0.0)	(12.0, 0.0)	(13.0, 0.0)	(14.0, 0.5)	(15.0, 1.0)	(16.0, 1.0)	(17.0, 3.5)	(18.0, 10.0)	(19.0, 14.5)	(20.0, 28.0)	(21.0, 64.0)	(22.0, 104.5)	(23.0, 164.5)	(24.0, 255.0)	(25.0, 383.0)	(26.0, 544.0)	(27.0, 781.0)	(28.0, 1158.0)	(29.0, 1498.5)	(30.0, 2025.5)	(31.0, 2718.5)	(32.0, 3415.5)	(33.0, 4288.5)	(34.0, 5256.0)	(35.0, 6363.0)	(36.0, 7647.0)	(37.0, 8925.5)	(38.0, 10270.0)	(39.0, 11945.0)	(40.0, 13773.0)	(41.0, 15853.0)	(42.0, 18650.0)	(43.0, 21994.5)	(44.0, 25806.5)	(45.0, 29476.0)	(46.0, 33848.0)	(47.0, 39553.0)	(48.0, 46202.0)	(49.0, 53669.5)	(50.0, 61744.0)	(51.0, 70786.0)	(52.0, 80931.0)	(53.0, 92255.5)	(54.0, 103513.0)	(55.0, 114314.0)	(56.0, 123489.5)	(57.0, 130576.5)	(58.0, 135907.0)	(59.0, 138648.5)	(60.0, 138525.0)	(61.0, 135331.0)	(62.0, 129033.5)	(63.0, 120802.0)	(64.0, 110709.5)	(65.0, 97905.5)	(66.0, 84416.5)	(67.0, 71212.5)	(68.0, 58163.0)	(69.0, 45925.0)	(70.0, 34707.0)	(71.0, 25060.5)	(72.0, 17775.0)	(73.0, 12354.5)	(74.0, 8147.0)	(75.0, 5233.5)	(76.0, 3201.5)	(77.0, 1840.0)	(78.0, 1131.0)	(79.0, 674.0)	(80.0, 404.0)	(81.0, 301.5)	(82.0, 213.0)	(83.0, 160.5)	(84.0, 130.5)	(85.0, 117.0)	(86.0, 120.5)	(87.0, 112.5)	(88.0, 107.0)	(89.0, 107.0)	(90.0, 105.0)	(91.0, 124.0)	(92.0, 122.0)	(93.0, 99.0)	(94.0, 100.5)	(95.0, 113.0)	(96.0, 144.5)	(97.0, 221.5)	(98.0, 400.0)	(99.0, 904.5)	(100.0, 8398.5)
