Sample	0	1	2	3	4	5	6	7	8	9	10	11	12	13	14	15	16	17	18	19	20	21	22	23	24	25	26	27	28	29	30	31	32	33	34	35	36	37	38	39	40	41	42	43	44	45	46	47	48	49	50	51	52	53	54	55	56	57	58	59	60	61	62	63	64	65
DRR898354_1 - illumina_universal_adapter	(1, 0.0)	(2, 0.0)	(3, 0.0)	(4, 0.0)	(5, 9.884020898773788e-05)	(6, 9.884020898773788e-05)	(7, 9.884020898773788e-05)	(8, 9.884020898773788e-05)	(9, 9.884020898773788e-05)	(10, 9.884020898773788e-05)	(15, 0.00011860825078528546)	(20, 0.0002767525851656661)	(25, 0.0003360567105583088)	(30, 0.00041512887774849906)	(35, 0.0005732732121288798)	(40, 0.0008500257972945457)	(45, 0.0015023711766136156)	(50, 0.00260938151727628)	(55, 0.004882706323994251)	(60, 0.007808376510031292)	(65, 0.011050335364829095)	(70, 0.015537680852872396)	(75, 0.021329717099553835)	(80, 0.02753688222398377)	(85, 0.03378358343200881)	(90, 0.04088031043732839)	(95, 0.04870845498915723)	(100, 0.055943558287059644)	(105, 0.06367286262990075)	(110, 0.07051260509185221)	(115, 0.0790721671901903)	(120, 0.08682123957482894)	(125, 0.09360167791138777)	(130, 0.09909719353110599)	(135, 0.10548227103171386)	(140, 0.11147198769637079)	(145, 0.11841057036730998)	(150, 0.12594219429217562)	(155, 0.1337505708022069)	(160, 0.1411438184344897)	(165, 0.1477068083112755)	(170, 0.15419072602087108)	(175, 0.16205840665629506)	(180, 0.16978771099913614)	(185, 0.17799144834511837)	(190, 0.18625448981649328)	(195, 0.1944977632460706)	(200, 0.2043422480612493)	(205, 0.21396928441665497)	(210, 0.22357655273026306)	(215, 0.23245240349736193)	(220, 0.2407747490941295)	(225, 0.25030294524054747)	(230, 0.25949508467640703)	(235, 0.26799534264935254)	(240, 0.2772467862106048)	(245, 0.28790176073948287)	(250, 0.2994858332328458)	(255, 0.31079315314104294)	(260, 0.32132951941913585)	(265, 0.3360369425165113)	(270, 0.35293861825341444)	(275, 0.3719554744626552)	(280, 0.3870187223123865)	(285, 0.4015482330335839)	(290, 0.4035645732969338)
DRR898354_1 - polya	(1, 0.0)	(2, 0.0)	(3, 0.0)	(4, 0.0)	(5, 0.0)	(6, 0.0)	(7, 0.0)	(8, 9.884020898773788e-05)	(9, 9.884020898773788e-05)	(10, 9.884020898773788e-05)	(15, 9.884020898773788e-05)	(20, 9.884020898773788e-05)	(25, 9.884020898773788e-05)	(30, 9.884020898773788e-05)	(35, 9.884020898773788e-05)	(40, 9.884020898773788e-05)	(45, 0.00019768041797547575)	(50, 0.00029652062696321365)	(55, 0.00029652062696321365)	(60, 0.00037559279415340396)	(65, 0.029869511156094385)	(70, 0.03716391857938944)	(75, 0.03718368662118699)	(80, 0.03734183095556738)	(85, 0.03736159899736492)	(90, 0.037559279415340395)	(95, 0.0378953361258987)	(100, 0.037974408293088895)	(105, 0.03819185675286192)	(110, 0.03854768150521777)	(115, 0.039437243386107414)	(120, 0.041275671273279343)	(125, 0.04378621258156788)	(130, 0.04744330031411419)	(135, 0.05151551692440899)	(140, 0.056852888209746835)	(145, 0.063574022420913)	(150, 0.07019631642309146)	(155, 0.076245337213141)	(160, 0.08247227037936848)	(165, 0.08911433242334446)	(170, 0.09662618830641254)	(175, 0.10368337922813704)	(180, 0.1116894361561438)	(185, 0.11856871470169036)	(190, 0.12418283857219388)	(195, 0.13031093152943363)	(200, 0.13709136986599244)	(205, 0.14365435974277824)	(210, 0.15013827745237385)	(215, 0.1571361642487057)	(220, 0.1622560870742705)	(225, 0.16864116457487838)	(230, 0.17382039152583584)	(235, 0.17992871644127803)	(240, 0.18674869086143195)	(245, 0.19325237661282513)	(250, 0.2003688716599422)	(255, 0.2077028151668324)	(260, 0.21493791846473478)	(265, 0.2232404960197048)	(270, 0.23140469728209193)	(275, 0.23814559953505565)	(280, 0.24354227494578615)	(285, 0.24961106377763326)	(290, 0.2523390535456948)
DRR898354_2 - illumina_universal_adapter	(1, 9.884020898773788e-05)	(2, 9.884020898773788e-05)	(3, 9.884020898773788e-05)	(4, 0.00019768041797547575)	(5, 0.00019768041797547575)	(6, 0.00019768041797547575)	(7, 0.00019768041797547575)	(8, 0.00019768041797547575)	(9, 0.00019768041797547575)	(10, 0.0002569845433681185)	(15, 0.00029652062696321365)	(20, 0.00029652062696321365)	(25, 0.00029652062696321365)	(30, 0.00029652062696321365)	(35, 0.00043489691954604667)	(40, 0.0004942010449386894)	(45, 0.0008302577554969981)	(50, 0.0018779639707670198)	(55, 0.003933840317711967)	(60, 0.006721134211166177)	(65, 0.011030567323031547)	(70, 0.015774897354442964)	(75, 0.02174484597730233)	(80, 0.0285450523556587)	(85, 0.03583945977895375)	(90, 0.04538742396716924)	(95, 0.05457956340302885)	(100, 0.06462172863618303)	(105, 0.0766209300072944)	(110, 0.09111090464489678)	(115, 0.10619392053642558)	(120, 0.12185020964008327)	(125, 0.13936469467271043)	(130, 0.15606868999163812)	(135, 0.1740180719438113)	(140, 0.19489312408202156)	(145, 0.21691472264448955)	(150, 0.24745634722170057)	(155, 0.28027129660562955)	(160, 0.31696078218187784)	(165, 0.36238774223264214)	(170, 0.4193987747767694)	(175, 0.4872426942259526)	(180, 0.5666113820431061)	(185, 0.6546977762929782)	(190, 0.7459865933140529)	(195, 0.8459733487260486)	(200, 0.9629606200839351)	(205, 1.088112092704209)	(210, 1.2221591841333788)	(215, 1.3703008893642004)	(220, 1.5477783686225826)	(225, 1.7542951012815622)	(230, 1.9839404428436722)	(235, 2.2161951659230588)	(240, 2.4353041412070757)	(245, 2.6253936311322934)	(250, 2.820306523256113)	(255, 2.9994642860672864)	(260, 3.108801325249522)	(265, 3.162392486562674)	(270, 3.1868257862244422)	(275, 3.2043007351734745)	(280, 3.2109625652592477)	(285, 3.21384869936169)	(290, 3.2141847560722483)
DRR898354_2 - polya	(1, 0.0)	(2, 0.0)	(3, 0.0)	(4, 0.0)	(5, 0.0)	(6, 0.0)	(7, 0.0)	(8, 0.0)	(9, 9.884020898773788e-05)	(10, 9.884020898773788e-05)	(15, 0.00011860825078528546)	(20, 0.00019768041797547575)	(25, 0.00019768041797547575)	(30, 0.00019768041797547575)	(35, 0.0002767525851656661)	(40, 0.00029652062696321365)	(45, 0.00045466496134359427)	(50, 0.0005732732121288798)	(55, 0.0006325773375215225)	(60, 0.0007709536301043554)	(65, 0.0010477062152700217)	(70, 0.028070619352517555)	(75, 0.02809038739431511)	(80, 0.0281694595615053)	(85, 0.0281694595615053)	(90, 0.0281694595615053)	(95, 0.0281694595615053)	(100, 0.0281694595615053)	(105, 0.0281694595615053)	(110, 0.0281694595615053)	(115, 0.028545052355658705)	(120, 0.02888110906621701)	(125, 0.03002765549047477)	(130, 0.030936985413161956)	(135, 0.032202140088205)	(140, 0.03435685664413769)	(145, 0.03615574844771452)	(150, 0.03779649591691096)	(155, 0.03963492380408289)	(160, 0.04224430532135918)	(165, 0.044794382713242806)	(170, 0.046870027101985304)	(175, 0.04823402198601608)	(180, 0.05048757875093651)	(185, 0.05353185718775884)	(190, 0.055528429409311145)	(195, 0.05788082638321931)	(200, 0.05948203776882066)	(205, 0.061142553279814646)	(210, 0.0631193574595694)	(215, 0.06450312038539775)	(220, 0.06600549156201135)	(225, 0.06752763078042252)	(230, 0.06877301741366801)	(235, 0.07019631642309146)	(240, 0.0710068061367909)	(245, 0.07159984739071731)	(250, 0.07260801752239224)	(255, 0.07339873919429415)	(260, 0.07397201240642304)	(265, 0.07525693512326362)	(270, 0.08956899738468807)	(275, 0.1044938689418365)	(280, 0.10548227103171388)	(285, 0.10605554424384275)	(290, 0.10615438445283049)
DRR898354_2 - polyg	(1, 0.0)	(2, 0.0)	(3, 0.0)	(4, 0.0)	(5, 0.0)	(6, 9.884020898773788e-05)	(7, 9.884020898773788e-05)	(8, 9.884020898773788e-05)	(9, 9.884020898773788e-05)	(10, 9.884020898773788e-05)	(15, 9.884020898773788e-05)	(20, 0.00019768041797547575)	(25, 0.00029652062696321365)	(30, 0.0003953608359509515)	(35, 0.0003953608359509515)	(40, 0.0003953608359509515)	(45, 0.00045466496134359427)	(50, 0.0004942010449386894)	(55, 0.0004942010449386894)	(60, 0.0004942010449386894)	(65, 0.0004942010449386894)	(70, 0.0004942010449386894)	(75, 0.0004942010449386894)	(80, 0.0006721134211166176)	(85, 0.0008895618808896409)	(90, 0.0009884020898773787)	(95, 0.0011860825078528546)	(100, 0.0011860825078528546)	(105, 0.0011860825078528546)	(110, 0.0011860825078528546)	(115, 0.0012849227168405925)	(120, 0.001363994884030783)	(125, 0.0014628350930185208)	(130, 0.0015616753020062583)	(135, 0.0017988918035768294)	(140, 0.0019570361379572096)	(145, 0.0019768041797547575)	(150, 0.0021349485141351383)	(155, 0.002233788723122876)	(160, 0.00253030935008609)	(165, 0.002668685642668923)	(170, 0.002688453684466471)	(175, 0.0029454382278345896)	(180, 0.0030640464786198746)	(185, 0.0031233506040125167)	(190, 0.003360567105583088)	(195, 0.0034989433981659213)	(200, 0.003657087732546302)	(205, 0.0037559279415340396)	(210, 0.003874536192319325)	(215, 0.0040722166102948)	(220, 0.004329201153662919)	(225, 0.004605953738828586)	(230, 0.004942010449386894)	(235, 0.005416443452528036)	(240, 0.007037422879926937)	(245, 0.009429355937430195)	(250, 0.01286899521020347)	(255, 0.015201624142314085)	(260, 0.026726392510284323)	(265, 0.099097193531106)	(270, 0.18923946412792297)	(275, 0.26273704353120486)	(280, 0.32215977717463284)	(285, 0.38660359343463796)	(290, 0.41166947043392826)
DRR898355_1 - illumina_universal_adapter	(1, 0.00012399523999987247)	(2, 0.00021256326857120993)	(3, 0.0003542721142853499)	(4, 0.00044284014285668737)	(5, 0.0004959809599994899)	(6, 0.0006554034114278973)	(7, 0.0007793986514277697)	(8, 0.0011513843714273872)	(9, 0.0015233700914270044)	(10, 0.002143346291426367)	(15, 0.0025932718765687614)	(20, 0.0031778208651395885)	(25, 0.003854480603424607)	(30, 0.005140488378280427)	(35, 0.007354689092563862)	(40, 0.010132182468561008)	(45, 0.013348973266271985)	(50, 0.017330991830839314)	(55, 0.022095951767977275)	(60, 0.028040637845685445)	(65, 0.03541658326510643)	(70, 0.043387705836526805)	(75, 0.05220553876108917)	(80, 0.06212161523993611)	(85, 0.07250887363078257)	(90, 0.08402980278734215)	(95, 0.09607505467304403)	(100, 0.10834349799074572)	(105, 0.12280842841701653)	(110, 0.13814486824442934)	(115, 0.15417213869469854)	(120, 0.1704438569038247)	(125, 0.18887663501009144)	(130, 0.20859542089121402)	(135, 0.22940890760547833)	(140, 0.24283582073689308)																														
DRR898355_1 - polyg	(1, 0.0)	(2, 0.0)	(3, 5.314081714280248e-05)	(4, 5.314081714280248e-05)	(5, 5.314081714280248e-05)	(6, 5.314081714280248e-05)	(7, 7.085442285706998e-05)	(8, 8.856802857133747e-05)	(9, 0.00010628163428560496)	(10, 0.00012753796114272595)	(15, 0.00021964871085691692)	(20, 0.0002834176914282799)	(25, 0.0003719857199996174)	(30, 0.0004605537485709549)	(35, 0.0005703781039994133)	(40, 0.0007050015074278463)	(45, 0.004067043871995817)	(50, 0.005009407695994848)	(55, 0.005126317493709013)	(60, 0.005384936137137318)	(65, 0.017086544071982422)	(70, 0.06885278541135777)	(75, 0.08195376819762998)	(80, 0.08345588196219987)	(85, 0.08436990401705609)	(90, 0.08528392607191229)	(95, 0.08648490853933963)	(100, 0.0882314700627664)	(105, 0.09100896343876354)	(110, 0.09494846934961662)	(115, 0.09896237240446963)	(120, 0.10415600159989287)	(125, 0.11055061326274344)	(130, 0.11799387038387862)	(135, 0.12632635051187008)	(140, 0.13155894963986467)																														
DRR898355_2 - illumina_universal_adapter	(1, 0.00012399523999987247)	(2, 0.00021256326857120993)	(3, 0.0003719857199996174)	(4, 0.00047826735428522235)	(5, 0.0005136945657137574)	(6, 0.0006731170171421648)	(7, 0.0007971122571420373)	(8, 0.0011868115828559222)	(9, 0.001576510908569807)	(10, 0.0022035725508548765)	(15, 0.002646412693711564)	(20, 0.003220333518853831)	(25, 0.004028073939424429)	(30, 0.005583328521137115)	(35, 0.00797820801370608)	(40, 0.010943465610274459)	(45, 0.014397618724556619)	(50, 0.0186807685862665)	(55, 0.02368663356111849)	(60, 0.02990765188796924)	(65, 0.03768392479653267)	(70, 0.04602349036680981)	(75, 0.055209766290228925)	(80, 0.06552617025821832)	(85, 0.07620747450392161)	(90, 0.08817478652448073)	(95, 0.10056013963989656)	(100, 0.113197025956455)	(105, 0.12787806237243987)	(110, 0.14362900057356656)	(115, 0.16014870926269242)	(120, 0.17680304135524674)	(125, 0.1955830061335131)	(130, 0.21549664167749266)	(135, 0.2367317122077565)	(140, 0.25043495758831386)																														
DRR898355_2 - polyg	(1, 0.838012972736281)	(2, 0.8501822198619827)	(3, 0.8535655185534078)	(4, 0.8565059771019762)	(5, 0.8604206839648293)	(6, 0.8638216962619686)	(7, 0.8676301214905362)	(8, 0.8713322650848181)	(9, 0.8751229767076713)	(10, 0.8855917176848035)	(15, 0.8925460792882248)	(20, 0.8947071391853655)	(25, 0.89585498083565)	(30, 0.8965741532276492)	(35, 0.8968611136402205)	(40, 0.8970488778607916)	(45, 0.8971835012642201)	(50, 0.8972897828985056)	(55, 0.8973889790905055)	(60, 0.8975484015419338)	(65, 0.8976830249453623)	(70, 0.897789306579648)	(75, 0.8980266688962193)	(80, 0.8986891577499329)	(85, 0.9000566481110743)	(90, 0.9008502176470733)	(95, 0.9015693900390727)	(100, 0.9023452459693576)	(105, 0.9038402742916418)	(110, 0.9061217867076395)	(115, 0.9094094319282074)	(120, 0.912923811301918)	(125, 0.917182162115628)	(130, 0.9223049368881944)	(135, 0.928476357119045)	(140, 0.9330110401818975)																														
DRR898359_1 - illumina_universal_adapter	(1, 0.0009762007987619477)	(2, 0.001263318680750756)	(3, 0.001722707291932849)	(4, 0.002182095903114942)	(5, 0.0025840609378992734)	(6, 0.003675108889456744)	(7, 0.004708733264616453)	(8, 0.009015501494448576)	(9, 0.014011352641053838)	(10, 0.019845588003066423)	(15, 0.02554200678172437)	(20, 0.03128436442150053)	(25, 0.03891021536712328)	(30, 0.056033925848935795)	(35, 0.08188601994320809)	(40, 0.11872898656001193)	(45, 0.16998527085265397)	(50, 0.2380092394534424)	(55, 0.32096333791764886)	(60, 0.42684092807984175)	(65, 0.5463164211330247)	(70, 0.6882904714188505)	(75, 0.8438394551651072)	(80, 1.0144908395039751)	(85, 1.1923775944689612)	(90, 1.3828401126650571)	(95, 1.5830876082793313)	(100, 1.7965310417498113)	(105, 2.019770937353749)	(110, 2.251727731854868)	(115, 2.4810430418416893)	(120, 2.7125519324469045)	(125, 2.9443594256493886)	(130, 3.1805425953733826)	(135, 3.4235017471123115)	(140, 3.5718038755171713)																														
DRR898359_1 - polyg	(1, 0.0)	(2, 0.0)	(3, 0.000631659340375378)	(4, 0.000631659340375378)	(5, 0.000631659340375378)	(6, 0.000631659340375378)	(7, 0.000631659340375378)	(8, 0.000631659340375378)	(9, 0.0006890829167731395)	(10, 0.000735021777891349)	(15, 0.0007809606390095582)	(20, 0.000884323076525529)	(25, 0.0009762007987619477)	(30, 0.001091047951557471)	(35, 0.0012403492501916514)	(40, 0.0014241046946644885)	(45, 0.005099213584121233)	(50, 0.006236200396796914)	(55, 0.00735021777891349)	(60, 0.007878514681772896)	(65, 0.02072991107959195)	(70, 0.08229946969327198)	(75, 0.10483248107175362)	(80, 0.11814326608075476)	(85, 0.12766409504750365)	(90, 0.13725383230592986)	(95, 0.14917496676610514)	(100, 0.17208697374881204)	(105, 0.20620806284436202)	(110, 0.25200910737921667)	(115, 0.3129010677914031)	(120, 0.394637786435977)	(125, 0.49222341216633314)	(130, 0.6119400842403866)	(135, 0.7462423447194715)	(140, 0.8332160935315213)																														
DRR898359_2 - illumina_universal_adapter	(1, 0.0009762007987619477)	(2, 0.0013207422571485175)	(3, 0.0017801308683306105)	(4, 0.0022395194795127036)	(5, 0.002641484514297035)	(6, 0.0037899560422522674)	(7, 0.0048235804174119766)	(8, 0.009072925070846337)	(9, 0.014068776217451598)	(10, 0.019799649141948213)	(15, 0.025725762226197213)	(20, 0.031559997588209786)	(25, 0.03927772625606896)	(30, 0.056619646328192975)	(35, 0.08271291944333585)	(40, 0.11973964150461255)	(45, 0.17179985586682325)	(50, 0.24059330039134164)	(55, 0.3238460014528165)	(60, 0.43075721599016903)	(65, 0.5516338443074573)	(70, 0.6943773705170131)	(75, 0.8504776205966884)	(80, 1.0219673891509637)	(85, 1.201255279380055)	(90, 1.3932797188541701)	(95, 1.5949972580242269)	(100, 1.8088771106753299)	(105, 2.0325419407446117)	(110, 2.265348604176417)	(115, 2.496260289587096)	(120, 2.729422979192567)	(125, 2.9624363674994045)	(130, 3.19958425330688)	(135, 3.444530260789172)	(140, 3.594428764617889)																														
DRR898359_2 - polyg	(1, 0.5358768149439115)	(2, 0.5439735392159959)	(3, 0.5462130586955086)	(4, 0.548050613140237)	(5, 0.5500030147377609)	(6, 0.5522999577936714)	(7, 0.5545394772731841)	(8, 0.5566641495999012)	(9, 0.5586739747738229)	(10, 0.5638650660801805)	(15, 0.5677813539905079)	(20, 0.5688379477962267)	(25, 0.569469607136602)	(30, 0.5697911791644296)	(35, 0.5700782970464184)	(40, 0.5703194760672889)	(45, 0.570445807935364)	(50, 0.5705032315117617)	(55, 0.5707329258173528)	(60, 0.5708248035395893)	(65, 0.5709741048382234)	(70, 0.5712497380049327)	(75, 0.5722718776648128)	(80, 0.5766360694710428)	(85, 0.5904981208134623)	(90, 0.5972051945367209)	(95, 0.6035677268015929)	(100, 0.6107227044207539)	(105, 0.6265256726454179)	(110, 0.6520447099965833)	(115, 0.6880263229674208)	(120, 0.7378814719959574)	(125, 0.8048029079299088)	(130, 0.8861950851160962)	(135, 0.9908323260280973)	(140, 1.0603837617610663)																														
DRR898360_1 - illumina_universal_adapter	(1, 0.00017785339840791566)	(2, 0.00023713786454388755)	(3, 0.00038534902988381726)	(4, 0.00044463349601978915)	(5, 0.000563202428291733)	(6, 0.0008596247589715924)	(7, 0.0009781936912435362)	(8, 0.0013042582549913815)	(9, 0.001571038352603255)	(10, 0.0019623158291006693)	(15, 0.00219352524703096)	(20, 0.0024247346649612506)	(25, 0.002733013888868304)	(30, 0.0033199301036144256)	(35, 0.004713115057809766)	(40, 0.006349366323162589)	(45, 0.008193113219991315)	(50, 0.010884627982564439)	(55, 0.014495051970245126)	(60, 0.01868646372605834)	(65, 0.02306758577350666)	(70, 0.02791705510342916)	(75, 0.033371225987938576)	(80, 0.03919296056249101)	(85, 0.04600474572151418)	(90, 0.05338566175544268)	(95, 0.06168548701447875)	(100, 0.07116507314962064)	(105, 0.08097665229512399)	(110, 0.09171899755896211)	(115, 0.10298304612479676)	(120, 0.11570549255757634)	(125, 0.12935277666207706)	(130, 0.14493866280922407)	(135, 0.16288999915519636)	(140, 0.17322921004930986)																														
DRR898360_1 - polyg	(1, 0.0)	(2, 0.0)	(3, 5.9284466135971887e-05)	(4, 8.892669920395783e-05)	(5, 8.892669920395783e-05)	(6, 8.892669920395783e-05)	(7, 8.892669920395783e-05)	(8, 8.892669920395783e-05)	(9, 0.00014821116533992972)	(10, 0.00026678009761187344)	(15, 0.00036756369004302565)	(20, 0.00043277660279259476)	(25, 0.0005276317486101498)	(30, 0.0006639860207228852)	(35, 0.0007647696131540373)	(40, 0.0010137643709251193)	(45, 0.012698732646325178)	(50, 0.01569259818619176)	(55, 0.016083875662689172)	(60, 0.01649293847902738)	(65, 0.035564751234969535)	(70, 0.08733194706490019)	(75, 0.10114522767458164)	(80, 0.10302454525109195)	(85, 0.1041983776805842)	(90, 0.10505800243955579)	(95, 0.10595912632482256)	(100, 0.1073582397256315)	(105, 0.10936798312764093)	(110, 0.1117690040061478)	(115, 0.11452573168147048)	(120, 0.11830808062094549)	(125, 0.12309826548473202)	(130, 0.1284279389903559)	(135, 0.13443345540992985)	(140, 0.13845887066056234)																														
DRR898360_2 - illumina_universal_adapter	(1, 0.00017785339840791566)	(2, 0.00023713786454388755)	(3, 0.00038534902988381726)	(4, 0.00044463349601978915)	(5, 0.000533560195223747)	(6, 0.0008596247589715924)	(7, 0.0010078359243115222)	(8, 0.0013339004880593675)	(9, 0.001600680585671241)	(10, 0.00208681320798621)	(15, 0.002312094179302904)	(20, 0.0026796578693459292)	(25, 0.0030412931127753572)	(30, 0.003776420492861409)	(35, 0.0054126717582142336)	(40, 0.007220847975361376)	(45, 0.009266162057052406)	(50, 0.01220667157739661)	(55, 0.016077947216075576)	(60, 0.020642851108545412)	(65, 0.025166255874720062)	(70, 0.030276576855640842)	(75, 0.0360508838572845)	(80, 0.04219275454897119)	(85, 0.049247606019151846)	(90, 0.05677080477180668)	(95, 0.06528998255554584)	(100, 0.0752794150994571)	(105, 0.08555934152743462)	(110, 0.09658625222872538)	(115, 0.10802815419296796)	(120, 0.12091066868431466)	(125, 0.13497294405176719)	(130, 0.1510153205881612)	(135, 0.16918008101222298)	(140, 0.1794837212266549)																														
DRR898360_2 - polyg	(1, 0.9180199581155247)	(2, 0.951100690219397)	(3, 0.9552802450819831)	(4, 0.9590744509146852)	(5, 0.9627797300481834)	(6, 0.9669296426777014)	(7, 0.9716427577355112)	(8, 0.9757333858988934)	(9, 0.9800018674606833)	(10, 0.9926413156408724)	(15, 1.0016762682799947)	(20, 1.004699776052929)	(25, 1.0062648859589187)	(30, 1.0071837951840263)	(35, 1.007687713146182)	(40, 1.0080197061565435)	(45, 1.0081323466422019)	(50, 1.0082449871278603)	(55, 1.0084643396525634)	(60, 1.0086540499441985)	(65, 1.0087904042163114)	(70, 1.0088911878087423)	(75, 1.00921725237249)	(80, 1.0101124478111434)	(85, 1.0112684949007948)	(90, 1.0117249852900418)	(95, 1.0122051894657431)	(100, 1.0126972505346719)	(105, 1.0136576588860746)	(110, 1.015062700733497)	(115, 1.017066515688893)	(120, 1.0193608245283552)	(125, 1.0224139745343575)	(130, 1.026469032018058)	(135, 1.0314726409599342)	(140, 1.0347214297041853)																														
DRR898362_1 - illumina_universal_adapter	(1, 0.00014374383698298934)	(2, 0.00014374383698298934)	(3, 0.00019165844931065247)	(4, 0.00023957306163831558)	(5, 0.00033540228629364184)	(6, 0.00043123151094896805)	(7, 0.0005270607356042943)	(8, 0.0011499506958639147)	(9, 0.002443645228710819)	(10, 0.0052993561234395406)	(15, 0.00814548409570273)	(20, 0.011854075089863855)	(25, 0.018169220994649855)	(30, 0.036328859066834175)	(35, 0.07221690370025385)	(40, 0.13254140062078174)	(45, 0.2287635250971948)	(50, 0.3680704689786426)	(55, 0.5631212728420936)	(60, 0.8276195158132594)	(65, 1.1824943005568638)	(70, 1.6377981127392498)	(75, 2.1939238521815048)	(80, 2.848226632283141)	(85, 3.600706453044159)	(90, 4.435570658241362)	(95, 5.34217262101554)	(100, 6.3173499769530705)	(105, 7.35823743223676)	(110, 8.424375888217126)	(115, 9.539023097718019)	(120, 10.675366043680876)	(125, 11.83757329737821)	(130, 13.008405181294517)	(135, 14.185743869564927)	(140, 14.888794976248727)																														
DRR898362_2 - illumina_universal_adapter	(1, 0.00033540228629364184)	(2, 0.00038331689862130495)	(3, 0.00047914612327663115)	(4, 0.0005749753479319574)	(5, 0.0006708045725872837)	(6, 0.0009103776342255992)	(7, 0.0011499506958639147)	(8, 0.001964499105434188)	(9, 0.003306108250608755)	(10, 0.006660131113545173)	(15, 0.009803329682239873)	(20, 0.013741910815573782)	(25, 0.02000914210803212)	(30, 0.03817836310268197)	(35, 0.07421015157308465)	(40, 0.13484130201250955)	(45, 0.2309388484968707)	(50, 0.36939291227888604)	(55, 0.5633800117486629)	(60, 0.8264887309623266)	(65, 1.178220317137236)	(70, 1.6288572460789077)	(75, 2.1764446016043726)	(80, 2.8218065150456675)	(85, 3.5604869274563185)	(90, 4.380363441917427)	(95, 5.266850850436454)	(100, 6.216269310786633)	(105, 7.2292896275405525)	(110, 8.26640141137282)	(115, 9.352462763159028)	(120, 10.458475759518477)	(125, 11.584478732141026)	(130, 12.717419740628621)	(135, 13.852631901740546)	(140, 14.53216651669393)																														
DRR898363_1 - illumina_universal_adapter	(1, 0.0004702885152857204)	(2, 0.0007054327729285806)	(3, 0.0010413531409898095)	(4, 0.0013436814722449155)	(5, 0.0014780496194694071)	(6, 0.0019483381347551274)	(7, 0.002989691275744937)	(8, 0.008330825127918476)	(9, 0.01625854581416348)	(10, 0.026410059336973817)	(15, 0.03695124048673517)	(20, 0.045987498387582225)	(25, 0.054036150406329274)	(30, 0.07007970718493356)	(35, 0.09741018833039514)	(40, 0.13428752633615684)	(45, 0.18067141075805132)	(50, 0.24272262114632154)	(55, 0.3233435094810165)	(60, 0.42501316807842804)	(65, 0.552454637313497)	(70, 0.7123594509180031)	(75, 0.9158801651115793)	(80, 1.1637020574450703)	(85, 1.4774315259921746)	(90, 1.8469573676742486)	(95, 2.28532001117943)	(100, 2.786775218213871)	(105, 3.3591297781313143)	(110, 3.9914729973771337)	(115, 4.672833716730447)	(120, 5.388962194178097)	(125, 6.129592703272134)	(130, 6.8884704067592555)	(135, 7.6676511372919975)	(140, 8.13800683665133)																														
DRR898363_1 - polyg	(1, 0.0)	(2, 0.0)	(3, 0.0004702885152857204)	(4, 0.0006718407361224577)	(5, 0.0006718407361224577)	(6, 0.0007054327729285806)	(7, 0.0007054327729285806)	(8, 0.0007390248097347036)	(9, 0.0008062088833469493)	(10, 0.000839800920153072)	(15, 0.000839800920153072)	(20, 0.0009069849937653179)	(25, 0.0009808874747387884)	(30, 0.001081663585157157)	(35, 0.0011555660661306272)	(40, 0.0012966526207163435)	(45, 0.01316136002063895)	(50, 0.016634776626392053)	(55, 0.01853608590961861)	(60, 0.01994695145547577)	(65, 0.04206394848862708)	(70, 0.1672614696650471)	(75, 0.22039063507761103)	(80, 0.2417215784494991)	(85, 0.25741577804531973)	(90, 0.2716991120952831)	(95, 0.2851224900030098)	(100, 0.30619813389517136)	(105, 0.3380971320462657)	(110, 0.38133008341574576)	(115, 0.4374892505482221)	(120, 0.5098061873844434)	(125, 0.6036421829986671)	(130, 0.7214024272262114)	(135, 0.8688580319903684)	(140, 0.9706083114761147)																														
DRR898363_2 - illumina_universal_adapter	(1, 0.00043669647847959756)	(2, 0.000604656662510212)	(3, 0.0009405770305714408)	(4, 0.001209313325020424)	(5, 0.0013772735090510383)	(6, 0.001780377950724513)	(7, 0.0028889151653265686)	(8, 0.008431601238336845)	(9, 0.016325729887775725)	(10, 0.02671238766822892)	(15, 0.03769026529646988)	(20, 0.04676683364148428)	(25, 0.05488266973384357)	(30, 0.07108074988175603)	(35, 0.09879418024680742)	(40, 0.1357722943629875)	(45, 0.1823577310057187)	(50, 0.2446037752074644)	(55, 0.32541277894827364)	(60, 0.42744523154319125)	(65, 0.5554510469966032)	(70, 0.7162762824095971)	(75, 0.9206838263748549)	(80, 1.1693925484800276)	(85, 1.4838744786515887)	(90, 1.8539848217740897)	(95, 2.2930327428301154)	(100, 2.7959122522251367)	(105, 3.369523154319129)	(110, 4.004036419142624)	(115, 4.688386829771682)	(120, 5.406329277206862)	(125, 6.14933138409941)	(130, 6.910950197789913)	(135, 7.693584189706326)	(140, 8.166324923678893)																														
DRR898363_2 - polyg	(1, 0.741040331943071)	(2, 0.7580714946037752)	(3, 0.7601542008857548)	(4, 0.7617666186524488)	(5, 0.7634126284559487)	(6, 0.7652601904802855)	(7, 0.7674436728726834)	(8, 0.7696943393386937)	(9, 0.7719785978415101)	(10, 0.7788448101646817)	(15, 0.7833192694672573)	(20, 0.7847032613836694)	(25, 0.7855161886743776)	(30, 0.7858252354129939)	(35, 0.7860738164853593)	(40, 0.7861880294105001)	(45, 0.7863627080018919)	(50, 0.7865642602227287)	(55, 0.786691909962592)	(60, 0.7868867437760673)	(65, 0.7871151696263491)	(70, 0.7873301586619081)	(75, 0.7879415337317797)	(80, 0.7910790299694715)	(85, 0.8119464032334351)	(90, 0.8245568538504535)	(95, 0.8356422259964742)	(100, 0.8440671088274498)	(105, 0.8590021283914521)	(110, 0.8853987509137035)	(115, 0.9209659994840262)	(120, 0.9668863137979964)	(125, 1.0258806488369094)	(130, 1.1047010039987961)	(135, 1.2041938986111709)	(140, 1.2744482843874962)																														
DRR898364_1 - illumina_universal_adapter	(1, 0.00042633144833928677)	(2, 0.000578592679889032)	(3, 0.0006699494188188792)	(4, 0.0009440196356084206)	(5, 0.0009744718819183697)	(6, 0.0015530645618074016)	(7, 0.002344822965866077)	(8, 0.006638589695568894)	(9, 0.01254632547969901)	(10, 0.019233638769363823)	(15, 0.026286379014748024)	(20, 0.032230657494450074)	(25, 0.03827238316234397)	(30, 0.04998431709315037)	(35, 0.06932149349996802)	(40, 0.09630218373058289)	(45, 0.13247945234680236)	(50, 0.17799337968165221)	(55, 0.2376127875072705)	(60, 0.3156679852489319)	(65, 0.4156305289859706)	(70, 0.5435238730384947)	(75, 0.7070158930273491)	(80, 0.9065085586038254)	(85, 1.154182768291903)	(90, 1.450684109713353)	(95, 1.8048193725010127)	(100, 2.212885563503592)	(105, 2.664023411686963)	(110, 3.164804511804813)	(115, 3.701360910887592)	(120, 4.269806902306149)	(125, 4.854051519110307)	(130, 5.458376347131246)	(135, 6.070027985614359)	(140, 6.4375135131843)																														
DRR898364_1 - polyg	(1, 0.0)	(2, 0.0)	(3, 0.00021316572416964338)	(4, 0.00024361797047959242)	(5, 0.00027407021678954146)	(6, 0.00030452246309949055)	(7, 0.00030452246309949055)	(8, 0.00030452246309949055)	(9, 0.0003349747094094396)	(10, 0.0003349747094094396)	(15, 0.0003410651586714294)	(20, 0.00040806010055331727)	(25, 0.0004446027961252562)	(30, 0.00048114549169719505)	(35, 0.0004872359409591848)	(40, 0.0005785926798890321)	(45, 0.011285602482467119)	(50, 0.014209018128222228)	(55, 0.015810806284125546)	(60, 0.01704716748430948)	(65, 0.03861953877027739)	(70, 0.14509886321764526)	(75, 0.1861972148375525)	(80, 0.20086910710968597)	(85, 0.21157002646300205)	(90, 0.22156445370192732)	(95, 0.23181467980985615)	(100, 0.2478021091225794)	(105, 0.2718228410118672)	(110, 0.3062156079943237)	(115, 0.3526248313706861)	(120, 0.4092111954638334)	(125, 0.48155964224701037)	(130, 0.5737264109287021)	(135, 0.6922830962625958)	(140, 0.7721471574350682)																														
DRR898364_2 - illumina_universal_adapter	(1, 0.00042633144833928677)	(2, 0.0006090449261989811)	(3, 0.0007308539114387773)	(4, 0.0010353763745382678)	(5, 0.0010658286208482168)	(6, 0.001674873547047198)	(7, 0.002405727458485975)	(8, 0.006699494188188792)	(9, 0.012637682218628857)	(10, 0.01949552808762938)	(15, 0.026603082376371497)	(20, 0.032571722653121506)	(25, 0.03877789045108913)	(30, 0.05061772381639732)	(35, 0.07038732212081625)	(40, 0.09789179098796222)	(45, 0.13447711970473503)	(50, 0.18035038354604227)	(55, 0.24035348967516593)	(60, 0.31875584302476073)	(65, 0.41934570303578445)	(70, 0.5477993684204115)	(75, 0.7117055389590814)	(80, 0.912172676417476)	(85, 1.1610040714653316)	(90, 1.4594908993461904)	(95, 1.8156603721873545)	(100, 2.2253100799980507)	(105, 2.678110620829945)	(110, 3.1809015692042526)	(115, 3.720959976612675)	(120, 4.292043132561672)	(125, 4.879284250402731)	(130, 5.487062363155218)	(135, 6.103166120048845)	(140, 6.47314264136694)																														
DRR898364_2 - polyg	(1, 0.7205001476933947)	(2, 0.7373402399027964)	(3, 0.739380540405563)	(4, 0.7409336049673704)	(5, 0.742943453223827)	(6, 0.7450142059729036)	(7, 0.7470545064756702)	(8, 0.7490643547321268)	(9, 0.7508001327717939)	(10, 0.7575057174092447)	(15, 0.7617690318926374)	(20, 0.7631941970199432)	(25, 0.7640346790180977)	(30, 0.764454920017175)	(35, 0.7646619952920828)	(40, 0.7648142565236326)	(45, 0.7649360655088723)	(50, 0.765063964943374)	(55, 0.7652649497690197)	(60, 0.7655268390872854)	(65, 0.7656242862754772)	(70, 0.7657887284055509)	(75, 0.7662516025494621)	(80, 0.7686999631527819)	(85, 0.7839017245107085)	(90, 0.7922090973040626)	(95, 0.799706440345572)	(100, 0.8060222362302554)	(105, 0.817082492090029)	(110, 0.8360603319903893)	(115, 0.8624502486425911)	(120, 0.8980611054774454)	(125, 0.9425701086840672)	(130, 1.0003928339773982)	(135, 1.0756646964063303)	(140, 1.1311791414293675)																														
DRR898365_1 - illumina_universal_adapter	(1, 0.0004675935930325883)	(2, 0.0005343926777515294)	(3, 0.000734789931908353)	(4, 0.000901787643705706)	(5, 0.0011355844402220002)	(6, 0.0014361803214572354)	(7, 0.002304568422803471)	(8, 0.005778120828188412)	(9, 0.010888250809187412)	(10, 0.017775236443710245)	(15, 0.025490530728747955)	(20, 0.032584593525899506)	(25, 0.03965193668916348)	(30, 0.054401174595105704)	(35, 0.0779010925992292)	(40, 0.10902278616978392)	(45, 0.1533172592469138)	(50, 0.2103436378714739)	(55, 0.28186541788004416)	(60, 0.3729927292536238)	(65, 0.48729932302467593)	(70, 0.637517104740631)	(75, 0.8302057445208886)	(80, 1.0665542660734464)	(85, 1.3612317484025835)	(90, 1.7151065796096465)	(95, 2.138692935629396)	(100, 2.625464545884792)	(105, 3.1881599958317373)	(110, 3.811228458547661)	(115, 4.496901023462177)	(120, 5.226427187494677)	(125, 5.994683460847219)	(130, 6.79273212598441)	(135, 7.602791266554066)	(140, 8.094412490360057)																														
DRR898365_1 - polyg	(1, 0.0)	(2, 0.0)	(3, 0.0002671963388757647)	(4, 0.0003673949659541765)	(5, 0.00043419405067311766)	(6, 0.00043419405067311766)	(7, 0.0004675935930325883)	(8, 0.0004675935930325883)	(9, 0.0005009931353920588)	(10, 0.0005744721285828941)	(15, 0.0006880305726050942)	(20, 0.0007214301149645648)	(25, 0.0007548296573240354)	(30, 0.0008416684674586589)	(35, 0.0008884278267619177)	(40, 0.0009953063623122237)	(45, 0.018723783446719214)	(50, 0.023479878278707823)	(55, 0.025590729355826368)	(60, 0.02744774391101293)	(65, 0.05493556727285722)	(70, 0.1609256749964012)	(75, 0.1990813121878604)	(80, 0.2138305500938026)	(85, 0.22493923788256254)	(90, 0.23724362928779152)	(95, 0.25153863341764493)	(100, 0.2737359692697491)	(105, 0.30604668654830086)	(110, 0.349005177931052)	(115, 0.4077082135820575)	(120, 0.48135420448469013)	(125, 0.5742984509626249)	(130, 0.6919316391526803)	(135, 0.8444473093829667)	(140, 0.945374046484815)																														
DRR898365_2 - illumina_universal_adapter	(1, 0.00043419405067311766)	(2, 0.0005677922201110001)	(3, 0.0008015890166272942)	(4, 0.0009685867284246471)	(5, 0.0012023835249409412)	(6, 0.001536378948535647)	(7, 0.0023713675075224118)	(8, 0.005878319455266824)	(9, 0.011021848978625294)	(10, 0.017875435070788658)	(15, 0.025577369538882577)	(20, 0.03283175013935959)	(25, 0.03999929192970198)	(30, 0.05498232663216048)	(35, 0.07896987795473226)	(40, 0.110405527223466)	(45, 0.1551542340766847)	(50, 0.21274172501288388)	(55, 0.28453738126880185)	(60, 0.37579829081181926)	(65, 0.49053239872507265)	(70, 0.6420394027761032)	(75, 0.8358502671796391)	(80, 1.0735147307011599)	(85, 1.369334477378991)	(90, 1.7240643368704565)	(95, 2.148873116140563)	(100, 2.6380828929882005)	(105, 3.2025017593208935)	(110, 3.8278614306426775)	(115, 4.515651526542783)	(120, 5.246947866320336)	(125, 6.017214792122918)	(130, 6.818790448933268)	(135, 7.63172195014584)	(140, 8.125307067042568)																														
DRR898365_2 - polyg	(1, 0.6478175236042916)	(2, 0.6649848883770595)	(3, 0.6665212673255951)	(4, 0.6681578449012092)	(5, 0.6703288151545748)	(6, 0.672399586780862)	(7, 0.673969365271757)	(8, 0.6758397396438874)	(9, 0.6780441094396125)	(10, 0.6839691882541825)	(15, 0.6881842104999476)	(20, 0.6893131150316979)	(25, 0.6899677460619434)	(30, 0.6904553793803918)	(35, 0.6905889775498296)	(40, 0.6907225757192675)	(45, 0.6909363327903681)	(50, 0.691069930959806)	(55, 0.6911834894038281)	(60, 0.6913571670240974)	(65, 0.6914974451020072)	(70, 0.6916176834545013)	(75, 0.6920385176882307)	(80, 0.6942428874839556)	(85, 0.7080302185699452)	(90, 0.716867737478261)	(95, 0.7252176230681288)	(100, 0.7324920433940213)	(105, 0.7457783813446188)	(110, 0.7681761144508799)	(115, 0.7987567354352111)	(120, 0.8412676729503452)	(125, 0.8966507940908194)	(130, 0.9661018024731025)	(135, 1.0531744094042421)	(140, 1.1165801006194613)																														
DRR898366_1 - illumina_universal_adapter	(1, 0.00016148718066313743)	(2, 0.0001937846167957649)	(3, 0.00035527179745890235)	(4, 0.0003875692335915298)	(5, 0.0004198666697241573)	(6, 0.0005490564142546673)	(7, 0.0008397333394483146)	(8, 0.001937846167957649)	(9, 0.003488123102323768)	(10, 0.005341995936336585)	(15, 0.007951628775852888)	(20, 0.011065101619038176)	(25, 0.014120439077184735)	(30, 0.0194818134752009)	(35, 0.029888047397133473)	(40, 0.04570733161489442)	(45, 0.06745642510660577)	(50, 0.09687292993620289)	(55, 0.13637269432640628)	(60, 0.1906453060036735)	(65, 0.2641155137181745)	(70, 0.364573459065099)	(75, 0.4966376754114128)	(80, 0.6719287802776351)	(85, 0.8973584249961485)	(90, 1.1767247880561498)	(95, 1.5270938347101193)	(100, 1.9474385064890396)	(105, 2.4401423541794984)	(110, 2.9921636730711407)	(115, 3.5934579605267194)	(120, 4.242442642175736)	(125, 4.93564251389032)	(130, 5.661740554049598)	(135, 6.411157343096633)	(140, 6.867274655136051)																														
DRR898366_1 - polyg	(1, 0.0)	(2, 0.0)	(3, 0.00025837948906101986)	(4, 0.00032297436132627485)	(5, 0.00032297436132627485)	(6, 0.00032297436132627485)	(7, 0.00032297436132627485)	(8, 0.00032297436132627485)	(9, 0.00032297436132627485)	(10, 0.0003681907719119533)	(15, 0.00040048820804458075)	(20, 0.00045216410585678483)	(25, 0.0005619753887077183)	(30, 0.0005942728248403457)	(35, 0.0006136512865199222)	(40, 0.0006136512865199222)	(45, 0.0009818420584318754)	(50, 0.00110457231573586)	(55, 0.0012918974453050994)	(60, 0.0014210871898356092)	(65, 0.003617312846854278)	(70, 0.028324851488314307)	(75, 0.03811097463650043)	(80, 0.04283285979909057)	(85, 0.04615303623352468)	(90, 0.050228972673462255)	(95, 0.05423385475390807)	(100, 0.05996987941106271)	(105, 0.07124814410857623)	(110, 0.08719015858364117)	(115, 0.11011487875058015)	(120, 0.14093309230833329)	(125, 0.18188624132450493)	(130, 0.23715361403465707)	(135, 0.31296861561238687)	(140, 0.3678355001144944)																														
DRR898366_2 - illumina_universal_adapter	(1, 0.0001937846167957649)	(2, 0.00025837948906101986)	(3, 0.0004844615419894123)	(4, 0.0005167589781220397)	(5, 0.0005167589781220397)	(6, 0.0006782461587851771)	(7, 0.0009689230839788246)	(8, 0.002067035912488159)	(9, 0.0035204205384563956)	(10, 0.005245103627938704)	(15, 0.0077707631335101725)	(20, 0.010981128285093344)	(25, 0.01424316933448872)	(30, 0.0198370852726598)	(35, 0.030533996119786022)	(40, 0.04652122700543663)	(45, 0.06852224049898246)	(50, 0.09831985507494458)	(55, 0.13829116203268438)	(60, 0.19255731422272504)	(65, 0.26631173937519315)	(70, 0.3669182529283278)	(75, 0.4998286621013164)	(80, 0.6759272028708545)	(85, 0.9027456373430709)	(90, 1.1837333316969298)	(95, 1.5365117670863935)	(100, 1.9598859383745542)	(105, 2.455380284546872)	(110, 3.010973699874783)	(115, 3.616104922742918)	(120, 4.268971756215076)	(125, 4.965969806418856)	(130, 5.6963440271220955)	(135, 6.4501855649193)	(140, 6.910004163139518)																														
DRR898366_2 - polyg	(1, 0.45203491611225427)	(2, 0.4683451213592311)	(3, 0.4697985059851994)	(4, 0.47109040343050446)	(5, 0.47270527523713585)	(6, 0.4741263624269715)	(7, 0.4757412342336028)	(8, 0.47748529578476473)	(9, 0.47916476246366135)	(10, 0.4847392999401528)	(15, 0.48796904355341564)	(20, 0.48884753381622303)	(25, 0.48932553587098593)	(30, 0.4895774558728204)	(35, 0.48970664561735094)	(40, 0.4898229163874285)	(45, 0.4899391871575059)	(50, 0.4899844035680915)	(55, 0.4900102415169976)	(60, 0.4900167010042241)	(65, 0.490100674338169)	(70, 0.4902427830571526)	(75, 0.4904624056228545)	(80, 0.4911664897305458)	(85, 0.49512615540040583)	(90, 0.49766473388043037)	(95, 0.5012432898039255)	(100, 0.5045053308533209)	(105, 0.5095243524283312)	(110, 0.5194202868593683)	(115, 0.5345419464566644)	(120, 0.5556838481490823)	(125, 0.5839247263034519)	(130, 0.6223263778651459)	(135, 0.6739183023434051)	(140, 0.7135795539142716)																														
DRR898368_1 - illumina_universal_adapter	(1, 0.0003055905165658436)	(2, 0.00034924630464667843)	(3, 0.0005238694569700176)	(4, 0.0006111810331316872)	(5, 0.000654836821212522)	(6, 0.0009167715496975309)	(7, 0.0014842967947483834)	(8, 0.0031868725299009407)	(9, 0.006286433483640211)	(10, 0.009979713155278836)	(15, 0.014729462898473664)	(20, 0.02004673788671934)	(25, 0.025049691200783007)	(30, 0.03475873846996067)	(35, 0.04966282452075767)	(40, 0.06993657250549735)	(45, 0.0959554222016749)	(50, 0.12837421043050284)	(55, 0.17471919505711703)	(60, 0.23615162004446782)	(65, 0.3135969880998687)	(70, 0.4110541694115243)	(75, 0.5402054528698661)	(80, 0.7029804243080667)	(85, 0.9041375646269373)	(90, 1.1583277563064063)	(95, 1.464084164866957)	(100, 1.8239999441205914)	(105, 2.254192811026754)	(110, 2.7436178512009923)	(115, 3.2797720469369573)	(120, 3.8581501209047047)	(125, 4.464240889146167)	(130, 5.113044480445918)	(135, 5.7894297986551395)	(140, 6.201828566339554)																														
DRR898368_1 - polyg	(1, 0.0)	(2, 0.0)	(3, 0.0005238694569700176)	(4, 0.0006984926092933569)	(5, 0.0007858041854550264)	(6, 0.0007858041854550264)	(7, 0.0007858041854550264)	(8, 0.0007858041854550264)	(9, 0.0007858041854550264)	(10, 0.0008207288159196942)	(15, 0.0008294599735358612)	(20, 0.0008818469192328632)	(25, 0.0009604273377783656)	(30, 0.0009604273377783656)	(35, 0.0009778896530106996)	(40, 0.0011525128053340387)	(45, 0.02048329576752769)	(50, 0.025992656223329042)	(55, 0.028760433187653967)	(60, 0.03120515732018072)	(65, 0.04507023561465385)	(70, 0.0754721264341472)	(75, 0.09223594905718777)	(80, 0.10273953166943664)	(85, 0.11308595344459449)	(90, 0.12453250107938936)	(95, 0.13870316989042833)	(100, 0.1602167422566637)	(105, 0.19036542950528823)	(110, 0.22765620368393735)	(115, 0.27391387673438994)	(120, 0.33452557290582086)	(125, 0.4150705019149611)	(130, 0.5167448323552254)	(135, 0.6488035912997507)	(140, 0.7391361479966141)																														
DRR898368_2 - illumina_universal_adapter	(1, 0.0003929020927275132)	(2, 0.00043655788080834804)	(3, 0.000654836821212522)	(4, 0.0007421483973741917)	(5, 0.0007858041854550264)	(6, 0.0010477389139400353)	(7, 0.0016152641589908877)	(8, 0.0034051514703051147)	(9, 0.00663567978828689)	(10, 0.010294034829460846)	(15, 0.015043784572655672)	(20, 0.020238823354275015)	(25, 0.025154465092177013)	(30, 0.03500321088321334)	(35, 0.05019542513534385)	(40, 0.07066998974525537)	(45, 0.09701189227323109)	(50, 0.12990216301333204)	(55, 0.17658766278697677)	(60, 0.23845664565513586)	(65, 0.316172679596638)	(70, 0.4136123985930613)	(75, 0.542763682051403)	(80, 0.7061411033651191)	(85, 0.9081451659727579)	(90, 1.1635402574032576)	(95, 1.4708333497042536)	(100, 1.8315262019857272)	(105, 2.262522335392577)	(110, 2.7534054788887157)	(115, 3.290886810582338)	(120, 3.8696228620123483)	(125, 4.4773114320975695)	(130, 5.1275993201920675)	(135, 5.806708759577534)	(140, 6.2215609825520914)																														
DRR898368_2 - polyg	(1, 0.43014047996046534)	(2, 0.4445905458152216)	(3, 0.445550973153)	(4, 0.44664236785502087)	(5, 0.4479083857093651)	(6, 0.4487378456829009)	(7, 0.45013483090148765)	(8, 0.45140084875583186)	(9, 0.4525795550340144)	(10, 0.4567792418473907)	(15, 0.45922396597991744)	(20, 0.46019312447531197)	(25, 0.46074318740513054)	(30, 0.4609614663455347)	(35, 0.4610749713945449)	(40, 0.4612495945468682)	(45, 0.46131944380779755)	(50, 0.46143294885680775)	(55, 0.46152899159058547)	(60, 0.4616686901124442)	(65, 0.46185204442238376)	(70, 0.4619131625256968)	(75, 0.4621925595694143)	(80, 0.4636855875217788)	(85, 0.4714213931697027)	(90, 0.4763632283804532)	(95, 0.4822218351409012)	(100, 0.4872509819278134)	(105, 0.4965758582618798)	(110, 0.5112616653722726)	(115, 0.5310377373728907)	(120, 0.5572923283247049)	(125, 0.589047548574704)	(130, 0.634597997858247)	(135, 0.6948429854097992)	(140, 0.7397909848178266)																														
DRR898372_1 - illumina_universal_adapter	(1, 4.3642108524831266e-05)	(2, 4.3642108524831266e-05)	(3, 4.3642108524831266e-05)	(4, 4.3642108524831266e-05)	(5, 0.00017456843409932506)	(6, 0.0002618526511489876)	(7, 0.0004364210852483127)	(8, 0.001309263255744938)	(9, 0.0023566738603408885)	(10, 0.00487045931137117)	(15, 0.007838122691059695)	(20, 0.01165244297612995)	(25, 0.016295963323171996)	(30, 0.02367147966386848)	(35, 0.036284049027544715)	(40, 0.05600155365906349)	(45, 0.08136634713369542)	(50, 0.11846213937980199)	(55, 0.16813558730276496)	(60, 0.23757018196577148)	(65, 0.3317934942708822)	(70, 0.45896659851224053)	(75, 0.628027398515732)	(80, 0.8457055074158853)	(85, 1.1221433512338714)	(90, 1.4656765726979333)	(95, 1.8858715219967137)	(100, 2.378198148265335)	(105, 2.956342616737185)	(110, 3.589886377770455)	(115, 4.281692353684376)	(120, 5.005915687810541)	(125, 5.769617673308268)	(130, 6.559470010234074)	(135, 7.3572128403811705)	(140, 7.836246080393128)																														
DRR898372_1 - polyg	(1, 0.0)	(2, 0.0)	(3, 0.000654631627872469)	(4, 0.0007855579534469629)	(5, 0.0008292000619717941)	(6, 0.0008292000619717941)	(7, 0.0008292000619717941)	(8, 0.0008728421704966254)	(9, 0.0008728421704966254)	(10, 0.0009164842790214565)	(15, 0.001099781134825748)	(20, 0.0012830779906300392)	(25, 0.0014314611596144655)	(30, 0.0015012885332541957)	(35, 0.0015274737983690945)	(40, 0.0015536590634839934)	(45, 0.002313031751816057)	(50, 0.0026097980897849095)	(55, 0.0028192802107040995)	(60, 0.003089861283558054)	(65, 0.004879187733076136)	(70, 0.022545513263927834)	(75, 0.029222755868227018)	(80, 0.03348222566025055)	(85, 0.037156891198041345)	(90, 0.04178295470167346)	(95, 0.047159662471932665)	(100, 0.05553894730870027)	(105, 0.06829989984136094)	(110, 0.08890770348678625)	(115, 0.11586979813342702)	(120, 0.15476364525075664)	(125, 0.20791100501229617)	(130, 0.2801474230425969)	(135, 0.3774693250529706)	(140, 0.448248096658542)																														
DRR898372_2 - illumina_universal_adapter	(1, 8.728421704966253e-05)	(2, 0.0001309263255744938)	(3, 0.0001309263255744938)	(4, 0.0001309263255744938)	(5, 0.0002618526511489876)	(6, 0.0004364210852483127)	(7, 0.0005673474108228065)	(8, 0.0015711159068939257)	(9, 0.0026621686200147075)	(10, 0.005306880396619483)	(15, 0.008239630089488144)	(20, 0.011949209314098801)	(25, 0.016566544396025947)	(30, 0.024064258640591963)	(35, 0.03677284064302283)	(40, 0.056778383190805484)	(45, 0.08256214090727579)	(50, 0.12006816897351577)	(55, 0.17002092639103766)	(60, 0.2398221147656528)	(65, 0.334429477625782)	(70, 0.4622222998081929)	(75, 0.6317195208969326)	(80, 0.8500260761598435)	(85, 1.127450231630491)	(90, 1.471725368939475)	(95, 1.8923654677452084)	(100, 2.3863504941377736)	(105, 2.9672618722900976)	(110, 3.6030051955930196)	(115, 4.2980843296463025)	(120, 5.025781575611044)	(125, 5.792084630776851)	(130, 6.585960770108647)	(135, 7.387832143722191)	(140, 7.871159767212993)																														
DRR898372_2 - polyg	(1, 0.4700691509209576)	(2, 0.4877005627649894)	(3, 0.4900572366253303)	(4, 0.4915847104236994)	(5, 0.4931121842220685)	(6, 0.49411595271813963)	(7, 0.4955997844079839)	(8, 0.49752003718307647)	(9, 0.49913479519849524)	(10, 0.5044067619082948)	(15, 0.5078283032166417)	(20, 0.508779701182483)	(25, 0.5092161222677313)	(30, 0.5095565307142249)	(35, 0.5096525433529795)	(40, 0.5098183833653739)	(45, 0.5099842233777683)	(50, 0.5100802360165229)	(55, 0.5102548044506222)	(60, 0.5103857307761968)	(65, 0.5105341139451811)	(70, 0.5105952128971158)	(75, 0.5107697813312153)	(80, 0.5116077098148919)	(85, 0.5156576974859963)	(90, 0.518826114564899)	(95, 0.5228062748623638)	(100, 0.5273974246791759)	(105, 0.5345023599470184)	(110, 0.5468530766595456)	(115, 0.565915949663192)	(120, 0.5911934589207742)	(125, 0.6270236300196608)	(130, 0.6756322104946179)	(135, 0.7429021565747927)	(140, 0.7946791541286525)																														
DRR898376_1 - illumina_universal_adapter	(1, 0.006229891134108013)	(2, 0.008151259427804878)	(3, 0.012518005549843204)	(4, 0.018282110430933796)	(5, 0.020669264977648084)	(6, 0.03208102817657491)	(7, 0.03761223993115679)	(8, 0.050479585170763064)	(9, 0.07254620890746341)	(10, 0.12396901124058675)	(15, 0.18363623025211845)	(20, 0.25506455215234003)	(25, 0.3208568603910509)	(30, 0.45895083975439094)	(35, 0.7249380795399895)	(40, 1.138125419935419)	(45, 1.7107979733640133)	(50, 2.4335701468274715)	(55, 3.3018539457335727)	(60, 4.293501233751337)	(65, 5.370049711037853)	(70, 6.5219973380315635)	(75, 7.730223589046105)	(80, 8.97096172052126)	(85, 10.251978718226102)	(90, 11.527534372114308)	(95, 12.777308756898003)	(100, 14.119634870156261)	(105, 15.540876819331993)	(110, 16.905712053267315)	(115, 18.222338410015332)	(120, 19.513113629720888)	(125, 20.80967624362018)	(130, 22.110908364705978)	(135, 23.37852236298024)	(140, 24.120508219380667)																														
DRR898376_1 - polyg	(1, 0.0)	(2, 0.0)	(3, 0.0008733492244076655)	(4, 0.001164465632543554)	(5, 0.001339135477425087)	(6, 0.0013973587590522646)	(7, 0.0014555820406794424)	(8, 0.0014555820406794424)	(9, 0.0014555820406794424)	(10, 0.001537094634957491)	(15, 0.0015720286039337978)	(20, 0.0015720286039337978)	(25, 0.0015720286039337978)	(30, 0.0016302518855609756)	(35, 0.0017001198235135889)	(40, 0.0019330129500222993)	(45, 0.007266265547071776)	(50, 0.009851379251318466)	(55, 0.013193395616718468)	(60, 0.015813443289941463)	(65, 0.0385671017498425)	(70, 0.16648365148475192)	(75, 0.23833118101268919)	(80, 0.32638807214563276)	(85, 0.4120228747628857)	(90, 0.516219259562883)	(95, 0.6295334102656962)	(100, 0.8173384274823207)	(105, 1.1335956486248244)	(110, 1.5984619737925363)	(115, 2.216723356735211)	(120, 2.982347865476272)	(125, 3.895195764139815)	(130, 4.936228039633752)	(135, 6.0778002778415)	(140, 6.765254208669912)																														
DRR898376_2 - illumina_universal_adapter	(1, 0.006346337697362369)	(2, 0.008325929272686411)	(3, 0.012809121957979093)	(4, 0.01868967340232404)	(5, 0.021076827949038326)	(6, 0.032954377400982574)	(7, 0.03860203571881881)	(8, 0.05176049736656097)	(9, 0.07429290735627873)	(10, 0.12632123181832472)	(15, 0.1867569981473352)	(20, 0.2585695937062962)	(25, 0.3253051191073672)	(30, 0.4643656049457185)	(35, 0.7312844172373518)	(40, 1.1460204969240642)	(45, 1.7223844064078215)	(50, 2.450268583998146)	(55, 3.323280113372374)	(60, 4.318222839130238)	(65, 5.399068194600838)	(70, 6.5569662409768465)	(75, 7.769792131239934)	(80, 9.017097848882637)	(85, 10.307139455239689)	(90, 11.591393667402997)	(95, 12.846757487222902)	(100, 14.198119853789695)	(105, 15.628980289090237)	(110, 17.00395801868502)	(115, 18.329189776457532)	(120, 19.62987459869603)	(125, 20.934367223552947)	(130, 22.24152647470839)	(135, 23.51830481751077)	(140, 24.26693977267302)																														
DRR898376_2 - polyg	(1, 0.3630803842270801)	(2, 0.37449214742600695)	(3, 0.37548194321366896)	(4, 0.37588950618505923)	(5, 0.37658818556458534)	(6, 0.37740331150736584)	(7, 0.37810199088689195)	(8, 0.3792664565194355)	(9, 0.38025625230709753)	(10, 0.3842620140830474)	(15, 0.3865909453481345)	(20, 0.387487583885193)	(25, 0.38804652738881396)	(30, 0.3883259991406244)	(35, 0.388663694174062)	(40, 0.3887684960809909)	(45, 0.38894316592587247)	(50, 0.38909454645810315)	(55, 0.3891294804270794)	(60, 0.3892109930213574)	(65, 0.3892925056156355)	(70, 0.3894555308041916)	(75, 0.3962676547545714)	(80, 0.4269629688284195)	(85, 0.5083125379179121)	(90, 0.5723348583951567)	(95, 0.6480717031357897)	(100, 0.7150401216633693)	(105, 0.8436087721525031)	(110, 1.0965190628846375)	(115, 1.4946731519639296)	(120, 2.0550605929691894)	(125, 2.7691807867828495)	(130, 3.6343205284810827)	(135, 4.632465534728441)	(140, 5.276950683715996)																														
DRR898377_1 - illumina_universal_adapter	(1, 0.00839775676954009)	(2, 0.011973575781086192)	(3, 0.01842088581705568)	(4, 0.02606013552354054)	(5, 0.031261326813062144)	(6, 0.05282459903420379)	(7, 0.06122235580374388)	(8, 0.07769279488722897)	(9, 0.1031027814995793)	(10, 0.15000018962676576)	(15, 0.20804765158086416)	(20, 0.2718164239534363)	(25, 0.3165466690433222)	(30, 0.3843680362956466)	(35, 0.49831746879691563)	(40, 0.6733808989500636)	(45, 0.917858561187952)	(50, 1.2333649919733698)	(55, 1.624722129064311)	(60, 2.0897736452386617)	(65, 2.6041064488812293)	(70, 3.1870299626543632)	(75, 3.8115196634829234)	(80, 4.482603369613448)	(85, 5.196575232252154)	(90, 5.951268088361739)	(95, 6.712679149886955)	(100, 7.56229374703031)	(105, 8.501531371581233)	(110, 9.442968666615016)	(115, 10.384763543549953)	(120, 11.342324531581253)	(125, 12.33540532179391)	(130, 13.367863464394324)	(135, 14.394817012879992)	(140, 15.01302194090038)																														
DRR898377_1 - polyg	(1, 0.0)	(2, 0.0)	(3, 0.0008668652149202673)	(4, 0.0011919396705153676)	(5, 0.0013002978223804011)	(6, 0.0013002978223804011)	(7, 0.0013002978223804011)	(8, 0.0013002978223804011)	(9, 0.0013544768983129178)	(10, 0.0013544768983129178)	(15, 0.0014086559742454345)	(20, 0.0014519992349914478)	(25, 0.001517014126110468)	(30, 0.001517014126110468)	(35, 0.0015711932020429844)	(40, 0.001809581136146058)	(45, 0.022105062980466817)	(50, 0.029029148884642454)	(55, 0.032420759038018006)	(60, 0.03585571245213956)	(65, 0.1219462641089086)	(70, 0.653258790148727)	(75, 0.8465480614455736)	(80, 0.939920280907673)	(85, 1.0165511659066246)	(90, 1.0989900478455419)	(95, 1.1679491756924494)	(100, 1.2569545616343876)	(105, 1.3975926069400146)	(110, 1.5981960534877508)	(115, 1.866880926852288)	(120, 2.2091518211483683)	(125, 2.6311526435867414)	(130, 3.121755011970867)	(135, 3.6801570759769433)	(140, 4.020900120331728)																														
DRR898377_2 - illumina_universal_adapter	(1, 0.00872283122513519)	(2, 0.01267790376820891)	(3, 0.01928775103197595)	(4, 0.026872821662528287)	(5, 0.03218237110391493)	(6, 0.05385400147692161)	(7, 0.06252265362612429)	(8, 0.07985995792452963)	(9, 0.10559501899247507)	(10, 0.15328344162827628)	(15, 0.21282624607811215)	(20, 0.2774293762200451)	(25, 0.32254971065664495)	(30, 0.3906744807341915)	(35, 0.505945882688214)	(40, 0.6823096106637424)	(45, 0.9286727047440826)	(50, 1.2464438209034794)	(55, 1.639231285599039)	(60, 2.105008801390885)	(65, 2.6213787382885156)	(70, 3.2073254444986836)	(75, 3.835358456893231)	(80, 4.510603116055373)	(85, 5.230068736993635)	(90, 5.989821918795317)	(95, 6.756759246065651)	(100, 7.610762348359539)	(105, 8.555732119144123)	(110, 9.504245201494692)	(115, 10.45310502993123)	(120, 11.41779598435525)	(125, 12.417508293462046)	(130, 13.456673805662906)	(135, 14.491504991789162)	(140, 15.116937408538947)																														
DRR898377_2 - polyg	(1, 1.0012293232329088)	(2, 1.0159660318865533)	(3, 1.0173746878607988)	(4, 1.0181331949238541)	(5, 1.0192167764425044)	(6, 1.0199752835055595)	(7, 1.021383939479805)	(8, 1.0227925954540504)	(9, 1.0240928932764308)	(10, 1.0307569196161304)	(15, 1.0356330364500568)	(20, 1.0368683193813184)	(25, 1.0374751250317622)	(30, 1.0380602590518337)	(35, 1.0381794530188853)	(40, 1.0383528260618693)	(45, 1.0384611842137343)	(50, 1.0386237214415317)	(55, 1.0388079302997024)	(60, 1.0388404377452618)	(65, 1.0389487958971269)	(70, 1.0391221689401111)	(75, 1.0495137157039678)	(80, 1.0976680783927886)	(85, 1.1875078221040878)	(90, 1.250247192033942)	(95, 1.3220344676445266)	(100, 1.372821933423668)	(105, 1.4394188535599173)	(110, 1.551287809545378)	(115, 1.7219952419935516)	(120, 1.9629295926654535)	(125, 2.2742208913433215)	(130, 2.6623706271390573)	(135, 3.127877247551241)	(140, 3.4331655046157863)																														
DRR898379_1 - illumina_universal_adapter	(1, 0.0006659227865192722)	(2, 0.0008523811667446685)	(3, 0.00119866101573469)	(4, 0.0015715777761854824)	(5, 0.0017313992449501077)	(6, 0.0022907743856262963)	(7, 0.0025837804116947763)	(8, 0.0034627984899002155)	(9, 0.005007739354624927)	(10, 0.007900507939264645)	(15, 0.009621252419630444)	(20, 0.010862532493702368)	(25, 0.012913574676181724)	(30, 0.017782802091210644)	(35, 0.02609351846697116)	(40, 0.036876140226291224)	(45, 0.04974176846184356)	(50, 0.06700781447071524)	(55, 0.08732112315069913)	(60, 0.1105644920913678)	(65, 0.13594414133119032)	(70, 0.1635239994576725)	(75, 0.19361838202605144)	(80, 0.2256945508071117)	(85, 0.25986438082898866)	(90, 0.29815760474499287)	(95, 0.3396206211248288)	(100, 0.3833424475965382)	(105, 0.4297439473612011)	(110, 0.47788217375310615)	(115, 0.5279276030056025)	(120, 0.5810416044583798)	(125, 0.6363877790915694)	(130, 0.6950529128927713)	(135, 0.7548421243576177)	(140, 0.792554663603777)																														
DRR898379_1 - polyg	(1, 0.0)	(2, 0.0)	(3, 0.00021309529168616711)	(4, 0.000239732203146938)	(5, 0.00026636911460770887)	(6, 0.0002930060260684798)	(7, 0.00031964293752925066)	(8, 0.0003462798489900215)	(9, 0.00042619058337233423)	(10, 0.00044750011254095093)	(15, 0.0004901191708781843)	(20, 0.0005593751406761887)	(25, 0.0006446132573506555)	(30, 0.0007618156677780475)	(35, 0.0008790180782054394)	(40, 0.00132651819074639)	(45, 0.05441388273206277)	(50, 0.06822778501561856)	(55, 0.07004974975953529)	(60, 0.07141355962632676)	(65, 0.10770368780048101)	(70, 0.19485966210012334)	(75, 0.22785746801772638)	(80, 0.23552889851842837)	(85, 0.2414742571564724)	(90, 0.24739830626534784)	(95, 0.2553361058806576)	(100, 0.26684325163171063)	(105, 0.2816906660799443)	(110, 0.29904195020549046)	(115, 0.31893439568439413)	(120, 0.34281705050012135)	(125, 0.36834053906183195)	(130, 0.3954728970757732)	(135, 0.42681921448280835)	(140, 0.44728701724926473)																														
DRR898379_2 - illumina_universal_adapter	(1, 0.0006659227865192722)	(2, 0.0008257442552838975)	(3, 0.0011720241042739192)	(4, 0.0015183039532639406)	(5, 0.001704762333489337)	(6, 0.0022641374741655257)	(7, 0.0025571435002340053)	(8, 0.0034361615784394444)	(9, 0.005007739354624927)	(10, 0.008060329408029272)	(15, 0.009887621534238155)	(20, 0.011198157578108079)	(25, 0.01341434861164422)	(30, 0.01859789158191023)	(35, 0.027265542571245076)	(40, 0.03841042632643162)	(45, 0.05185673923182876)	(50, 0.06976739849805111)	(55, 0.09057615373120534)	(60, 0.11416047513857189)	(65, 0.1400355709315647)	(70, 0.168206768492476)	(75, 0.19876996070256453)	(80, 0.231474760594099)	(85, 0.26612938240456196)	(90, 0.3052483505758501)	(95, 0.34728139686094656)	(100, 0.391594562767085)	(105, 0.43891769966829053)	(110, 0.4879509262852776)	(115, 0.5386090045013716)	(120, 0.5926552978552758)	(125, 0.6488964727135474)	(130, 0.7086856841783937)	(135, 0.7697055209527277)	(140, 0.8082970782770926)																														
DRR898379_2 - polyg	(1, 0.7441021216566348)	(2, 0.762907781147939)	(3, 0.7653051031794084)	(4, 0.7672229608045839)	(5, 0.769300639898524)	(6, 0.771511503549768)	(7, 0.7738555517583159)	(8, 0.7760664154095598)	(9, 0.7781973683264215)	(10, 0.7852135308051885)	(15, 0.7899815379566666)	(20, 0.7914625502338855)	(25, 0.7921657646964497)	(30, 0.7925440088391926)	(35, 0.7927997231892162)	(40, 0.7929755268048572)	(45, 0.7930820744507003)	(50, 0.7932205863902964)	(55, 0.7934230269173982)	(60, 0.7935189197986569)	(65, 0.7937320150903431)	(70, 0.7938971639414)	(75, 0.7945684141102113)	(80, 0.7966514205864437)	(85, 0.8016698147056529)	(90, 0.8041843391475496)	(95, 0.8057878812174881)	(100, 0.8080200543979006)	(105, 0.8128626449014688)	(110, 0.8214983315970507)	(115, 0.8325792867647314)	(120, 0.8461747663743088)	(125, 0.8643464673728467)	(130, 0.885256442869552)	(135, 0.9098050204717983)	(140, 0.9247270182721221)																														
DRR898407_1 - illumina_universal_adapter	(1, 0.003809982397070691)	(2, 0.005350188046950332)	(3, 0.007660496521769793)	(4, 0.011186756825441603)	(5, 0.012970152841091714)	(6, 0.020873839728631976)	(7, 0.02354893375210714)	(8, 0.02983135153451094)	(9, 0.04109917181520937)	(10, 0.07007935706952366)	(15, 0.09820026969811564)	(20, 0.12942591266304396)	(25, 0.17026568142143148)	(30, 0.2863161239670996)	(35, 0.5198518322164816)	(40, 0.8926302375605089)	(45, 1.4011412923865607)	(50, 2.037465097116046)	(55, 2.799129216363631)	(60, 3.6618956770075264)	(65, 4.617317667009971)	(70, 5.650665956550799)	(75, 6.750753788804569)	(80, 7.913584735427122)	(85, 9.113105001898912)	(90, 10.35674810706699)	(95, 11.626663878083805)	(100, 12.903445723760873)	(105, 14.20473305196208)	(110, 15.50248601351409)	(115, 16.789749363955863)	(120, 18.069871023989514)	(125, 19.330505029379424)	(130, 20.57480474853508)	(135, 21.793772137922986)	(140, 22.50280986201784)																														
DRR898407_1 - polyg	(1, 0.0)	(2, 0.0)	(3, 0.0007295710973114089)	(4, 0.0010132931907102902)	(5, 0.0010132931907102902)	(6, 0.0010132931907102902)	(7, 0.0010538249183387018)	(8, 0.0011348883735955249)	(9, 0.0011348883735955249)	(10, 0.0012564835564807598)	(15, 0.0013942914304173595)	(20, 0.0015077802677769116)	(25, 0.0016131627596107818)	(30, 0.0017752896701244282)	(35, 0.002010373690369216)	(40, 0.0028858590071429062)	(45, 0.10394766867582442)	(50, 0.13751604549767488)	(55, 0.15918430708782375)	(60, 0.17678318322408007)	(65, 0.24160962839296163)	(70, 0.3599865921045005)	(75, 0.4534122242879892)	(80, 0.5757369782705355)	(85, 0.7593213853906631)	(90, 1.017378788855234)	(95, 1.3460586745395493)	(100, 1.7700043328416837)	(105, 2.2974923425433578)	(110, 2.9403093300389145)	(115, 3.6902922053839915)	(120, 4.543622879835992)	(125, 5.510920666033561)	(130, 6.553818230603643)	(135, 7.6888687311096815)	(140, 8.36360040093985)																														
DRR898407_2 - illumina_universal_adapter	(1, 0.003931577579955926)	(2, 0.005512314957463979)	(3, 0.007984750342797086)	(4, 0.011551542374097308)	(5, 0.01337547011737583)	(6, 0.02140075218780133)	(7, 0.024278504849418552)	(8, 0.030966239908106468)	(9, 0.04235565537169013)	(10, 0.07159524368282627)	(15, 0.10016200531533077)	(20, 0.13158220057287542)	(25, 0.1725922025873023)	(30, 0.2889263672263693)	(35, 0.5226566277683677)	(40, 0.8966834103233501)	(45, 1.4078614528273514)	(50, 2.047038691181877)	(55, 2.80992686860384)	(60, 3.6749144679217722)	(65, 4.632930488492435)	(70, 5.670218461958744)	(75, 6.773897405280392)	(80, 7.942346049352241)	(85, 9.149996980386291)	(90, 10.400344033304112)	(95, 11.674256232665087)	(100, 12.960246886859329)	(105, 14.26934062580177)	(110, 15.57605920550518)	(115, 16.871607241074205)	(120, 18.160005479889577)	(125, 19.426986753826093)	(130, 20.674610074647283)	(135, 21.899292437630788)	(140, 22.614474771634114)																														
DRR898407_2 - polyg	(1, 0.5164147417135923)	(2, 0.525737039068127)	(3, 0.5269935226246077)	(4, 0.5278852206324327)	(5, 0.5287769186402578)	(6, 0.5297496801033397)	(7, 0.530965631932192)	(8, 0.5323842423991865)	(9, 0.5331543452241263)	(10, 0.537856025629022)	(15, 0.5413660732416424)	(20, 0.5427279392899571)	(25, 0.5434088723141144)	(30, 0.5437088070985647)	(35, 0.544008741883015)	(40, 0.5442276132122084)	(45, 0.5443411020495679)	(50, 0.5444302718503504)	(55, 0.5445113353056072)	(60, 0.5446815685616466)	(65, 0.54490043989084)	(70, 0.5450382477647766)	(75, 0.5495534822225816)	(80, 0.5680602690577143)	(85, 0.6125559996481845)	(90, 0.6449732754053883)	(95, 0.6787280981743293)	(100, 0.7182303199209793)	(105, 0.8243099574700583)	(110, 1.0448593001872972)	(115, 1.4053565920599156)	(120, 1.9031915898286442)	(125, 2.5320008122558217)	(130, 3.2859152651808543)	(135, 4.154988462643731)	(140, 4.72275690326252)																														
DRR898409_1 - illumina_universal_adapter	(1, 0.00020004287585639188)	(2, 0.00026672383447518916)	(3, 0.00040008575171278376)	(4, 0.0005334476689503783)	(5, 0.000566788148259777)	(6, 0.0006668095861879729)	(7, 0.0007001500654973716)	(8, 0.0011669167758289528)	(9, 0.002100450196492115)	(10, 0.004861041883310322)	(15, 0.006528065848780254)	(20, 0.009775428533515684)	(25, 0.027065801103369824)	(30, 0.0959605675483112)	(35, 0.24515921245787015)	(40, 0.499980495819604)	(45, 0.8798552489750303)	(50, 1.4164435910763538)	(55, 2.128329505290634)	(60, 3.024434903881065)	(65, 4.075306807425724)	(70, 5.2875532989237355)	(75, 6.620485657425908)	(80, 8.065468698791108)	(85, 9.585927917216923)	(90, 11.151690178928352)	(95, 12.753340132568415)	(100, 14.378068365986442)	(105, 16.002603224624476)	(110, 17.619289734433078)	(115, 19.211330961936177)	(120, 20.75976951059844)	(125, 22.28079551717251)	(130, 23.754284668347246)	(135, 25.185551436524563)	(140, 26.027311853840672)																														
DRR898409_1 - polyg	(1, 0.0)	(2, 0.0)	(3, 0.00036674527240338514)	(4, 0.00036674527240338514)	(5, 0.000566788148259777)	(6, 0.0006001286275691757)	(7, 0.0006334691068785744)	(8, 0.0006334691068785744)	(9, 0.0007001500654973716)	(10, 0.0008135076951493271)	(15, 0.0011535805841051932)	(20, 0.0013336191723759458)	(25, 0.0014403087061660214)	(30, 0.0017070325406412109)	(35, 0.002120454484077754)	(40, 0.00246052737303362)	(45, 0.0030406517130171567)	(50, 0.0034007288895586624)	(55, 0.0036941251074813705)	(60, 0.0040675384757466355)	(65, 0.008681860812167408)	(70, 0.04008859232162094)	(75, 0.050984260959932415)	(80, 0.05743897775423199)	(85, 0.06417375457473051)	(90, 0.07553618992337358)	(95, 0.10319545155845071)	(100, 0.18605321073816822)	(105, 0.3499016622562769)	(110, 0.6267409981539377)	(115, 1.0229859266502788)	(120, 1.6012565359842128)	(125, 2.354097894982158)	(130, 3.2888915857632157)	(135, 4.378111708609546)	(140, 5.103593870286198)																														
DRR898409_2 - illumina_universal_adapter	(1, 0.00020004287585639188)	(2, 0.00023338335516579053)	(3, 0.00036674527240338514)	(4, 0.00046676671033158107)	(5, 0.0005334476689503783)	(6, 0.0006334691068785744)	(7, 0.0006668095861879729)	(8, 0.001133576296519554)	(9, 0.002067109717182716)	(10, 0.004881046170895962)	(15, 0.006541402040504014)	(20, 0.009882118067305759)	(25, 0.02734586112956877)	(30, 0.09659403665518977)	(35, 0.24627278446680406)	(40, 0.5018408945650684)	(45, 0.8842028474769759)	(50, 1.4232383807596096)	(55, 2.1379849080986353)	(60, 3.0375243760579353)	(65, 4.091543620849402)	(70, 5.30679075548526)	(75, 6.64347725195767)	(80, 8.090974165462798)	(85, 9.616634498660881)	(90, 11.190478492556906)	(95, 12.801697163758766)	(100, 14.434300418389677)	(105, 16.064416473264103)	(110, 17.68747768271666)	(115, 19.28914097254845)	(120, 20.84579461531255)	(125, 22.375342448398108)	(130, 23.857580141343625)	(135, 25.29686862884278)	(140, 26.14603730066144)																														
DRR898409_2 - polyg	(1, 0.27985998332309225)	(2, 0.2879617197952761)	(3, 0.28912863657110505)	(4, 0.2903622343055528)	(5, 0.29139578916414416)	(6, 0.292129279708951)	(7, 0.29326285600547053)	(8, 0.29436309182268067)	(9, 0.2952966252433438)	(10, 0.2981639064639521)	(15, 0.30045106334457683)	(20, 0.3013179158066212)	(25, 0.3019113763383285)	(30, 0.30226478541900814)	(35, 0.3025448454452071)	(40, 0.30282490547140606)	(45, 0.3032116550313951)	(50, 0.30343170219483706)	(55, 0.3037851112755167)	(60, 0.3041118479727488)	(65, 0.3045052656285997)	(70, 0.30485867470927935)	(75, 0.30538545428236785)	(80, 0.30645234962026857)	(85, 0.310093129960855)	(90, 0.3125603254297505)	(95, 0.3158743690731046)	(100, 0.33055084806510193)	(105, 0.39031699127513)	(110, 0.5273263569491727)	(115, 0.7655707539982737)	(120, 1.1323026902099351)	(125, 1.6466329283243042)	(130, 2.3350404770089055)	(135, 3.2158959403632172)	(140, 3.8221192075501516)																														
DRR898410_1 - illumina_universal_adapter	(1, 0.00014042843310656483)	(2, 0.00021064264965984722)	(3, 0.00028085686621312966)	(4, 0.00035107108276641205)	(5, 0.00042128529931969444)	(6, 0.0007021421655328241)	(7, 0.0008191658597882948)	(8, 0.0011702369425547069)	(9, 0.0017787601526831544)	(10, 0.002349835780649851)	(15, 0.0026728211767949503)	(20, 0.0032532587003020847)	(25, 0.00407242456009038)	(30, 0.005514156473317778)	(35, 0.007840587515116538)	(40, 0.011374703081631752)	(45, 0.01671098353968121)	(50, 0.02447199494270403)	(55, 0.034245813886920946)	(60, 0.046781392015566955)	(65, 0.06109573029689615)	(70, 0.0786867320173785)	(75, 0.0984777791898637)	(80, 0.1210586712333993)	(85, 0.14707069799250533)	(90, 0.17454786140368986)	(95, 0.20468848409612886)	(100, 0.2375627802863757)	(105, 0.2726043552942339)	(110, 0.3104544989642233)	(115, 0.3501629788989896)	(120, 0.3926566227570361)	(125, 0.43854863469626143)	(130, 0.48713687255113297)	(135, 0.5385336790681357)	(140, 0.5710522232278459)																														
DRR898410_1 - polyg	(1, 0.0)	(2, 0.0)	(3, 9.361895540437654e-05)	(4, 0.00011702369425547068)	(5, 0.00011702369425547068)	(6, 0.00011702369425547068)	(7, 0.00014042843310656483)	(8, 0.00016383317195765894)	(9, 0.00018723791080875308)	(10, 0.0002059617018896284)	(15, 0.00031830444837488024)	(20, 0.0005008614114134144)	(25, 0.0007770373298563253)	(30, 0.0008987419718820147)	(35, 0.001053213248299236)	(40, 0.0011889607336355822)	(45, 0.0021391931309900037)	(50, 0.00255579748253948)	(55, 0.0029630399385485173)	(60, 0.0033702823945575555)	(65, 0.01022318993015792)	(70, 0.053624937655626884)	(75, 0.06580476375373627)	(80, 0.06774267613060687)	(85, 0.0686975894757315)	(90, 0.06966186471639658)	(95, 0.07063082090483189)	(100, 0.07259681896832379)	(105, 0.07558794459349363)	(110, 0.08023612572932091)	(115, 0.08636816730830758)	(120, 0.09511685869084657)	(125, 0.10620602395849496)	(130, 0.12019269589590884)	(135, 0.13614536589681459)	(140, 0.14674771259636024)																														
DRR898410_2 - illumina_universal_adapter	(1, 0.00011702369425547068)	(2, 0.00014042843310656483)	(3, 0.00021064264965984722)	(4, 0.0003042616050642238)	(5, 0.00037447582161750616)	(6, 0.0006553326878306358)	(7, 0.0007957611209372007)	(8, 0.0011702369425547069)	(9, 0.0017787601526831544)	(10, 0.0023217500940285385)	(15, 0.0027196306544971386)	(20, 0.003276663439153179)	(25, 0.004137957828873443)	(30, 0.005696713436356313)	(35, 0.008172934806802073)	(40, 0.01185684070196429)	(45, 0.017352273384201193)	(50, 0.025127327630534664)	(55, 0.03512115111995186)	(60, 0.048035886017985606)	(65, 0.06256086694897463)	(70, 0.08036251131911684)	(75, 0.10036420114126188)	(80, 0.12311828825229561)	(85, 0.14948138609416803)	(90, 0.1773423872225105)	(95, 0.2079511046919714)	(100, 0.24125604807707832)	(105, 0.27665805606324334)	(110, 0.31486395176376936)	(115, 0.35522308343859615)	(120, 0.39812396975265163)	(125, 0.44440450035680523)	(130, 0.4938212659670054)	(135, 0.5459997907616346)	(140, 0.5790098344372179)																														
DRR898410_2 - polyg	(1, 0.7999739739303976)	(2, 0.8205233346416583)	(3, 0.8248532113291106)	(4, 0.8285277553287325)	(5, 0.8314065382074171)	(6, 0.8348704395573789)	(7, 0.8384747693404474)	(8, 0.8417280280407495)	(9, 0.8446302156582852)	(10, 0.8541793491095315)	(15, 0.8608824663164849)	(20, 0.8635974160232118)	(25, 0.8648612719211709)	(30, 0.8655072427134611)	(35, 0.8659425708560915)	(40, 0.866359175207641)	(45, 0.8666306701783137)	(50, 0.8670191888432418)	(55, 0.8672672790750633)	(60, 0.8675106883591148)	(65, 0.867726011956545)	(70, 0.8679506974495155)	(75, 0.8683766636966054)	(80, 0.8692941294595682)	(85, 0.8710401229778599)	(90, 0.871662689031299)	(95, 0.8724303644656148)	(100, 0.8735959204603994)	(105, 0.8755197899939592)	(110, 0.8781738873796732)	(115, 0.8821526929843593)	(120, 0.8877417446220006)	(125, 0.8955402036071851)	(130, 0.9054778557233597)	(135, 0.9186921712786875)	(140, 0.9269914916752855)																														
DRR898411_1 - illumina_universal_adapter	(1, 0.0)	(2, 0.0)	(3, 9.266706945952858e-05)	(4, 9.266706945952858e-05)	(5, 0.00018533413891905716)	(6, 0.00018533413891905716)	(7, 0.00018533413891905716)	(8, 0.00018533413891905716)	(9, 0.0004633353472976429)	(10, 0.002186942839244875)	(15, 0.003169213775515878)	(20, 0.004336818850705937)	(25, 0.005170822475841695)	(30, 0.006838829726113211)	(35, 0.009229640118169046)	(40, 0.013325524588280211)	(45, 0.019404484344825286)	(50, 0.02689198355715519)	(55, 0.038234432859001494)	(60, 0.05148582379171408)	(65, 0.07090884155043127)	(70, 0.09192573290385235)	(75, 0.12111585978360387)	(80, 0.15896109095087535)	(85, 0.2043123547443686)	(90, 0.264193815029116)	(95, 0.3368447974853864)	(100, 0.4230066386688561)	(105, 0.5227720056489845)	(110, 0.6297468706330644)	(115, 0.7494727243747753)	(120, 0.8830986385354155)	(125, 1.0242120519083855)	(130, 1.1780949874528788)	(135, 1.353198681903604)	(140, 1.4595063439875753)																														
DRR898411_2 - illumina_universal_adapter	(1, 0.0)	(2, 0.0)	(3, 9.266706945952858e-05)	(4, 9.266706945952858e-05)	(5, 9.266706945952858e-05)	(6, 9.266706945952858e-05)	(7, 9.266706945952858e-05)	(8, 0.00018533413891905716)	(9, 0.0004633353472976429)	(10, 0.0019830752864339117)	(15, 0.003002413050488726)	(20, 0.004244151781246409)	(25, 0.005467357098112187)	(30, 0.007635766523465155)	(35, 0.01017484422665624)	(40, 0.014511663077362177)	(45, 0.021053958181204892)	(50, 0.029468128088130086)	(55, 0.04170018125678786)	(60, 0.05539637412290619)	(65, 0.07502325943443434)	(70, 0.0959845505461797)	(75, 0.12550827887598554)	(80, 0.16353884418217604)	(85, 0.2087047738367503)	(90, 0.26938317091884956)	(95, 0.34253455555020146)	(100, 0.42921533232264447)	(105, 0.5290733663722325)	(110, 0.6362150320813394)	(115, 0.7554960838896447)	(120, 0.8897521341226096)	(125, 1.0304392789760661)	(130, 1.182561540200828)	(135, 1.356330828851336)	(140, 1.462101021932442)																														
DRR898421_1 - illumina_universal_adapter	(1, 0.00013437585104705664)	(2, 0.00017916780139607552)	(3, 0.0002687517020941133)	(4, 0.0002687517020941133)	(5, 0.00031354365244313213)	(6, 0.0004031275531411699)	(7, 0.0007166712055843021)	(8, 0.0016573021629136984)	(9, 0.002956268723035246)	(10, 0.0059035790560006875)	(15, 0.007883383261427323)	(20, 0.010624650622787278)	(25, 0.01912616279903106)	(30, 0.045893832327604744)	(35, 0.0994291713847521)	(40, 0.18295720039560254)	(45, 0.2966033368211332)	(50, 0.448636174695773)	(55, 0.6486411913942123)	(60, 0.9131286998150989)	(65, 1.2406384823770549)	(70, 1.6606794759700143)	(75, 2.1743356457924237)	(80, 2.782556581191681)	(85, 3.4875370877348892)	(90, 4.277031046196626)	(95, 5.149390112804048)	(100, 6.069461564923245)	(105, 7.03798894893001)	(110, 8.043595109435694)	(115, 9.068058681038313)	(120, 10.100127925810197)	(125, 11.137016784439634)	(130, 12.166944973984835)	(135, 13.189554158843006)	(140, 13.79565195579572)																														
DRR898421_1 - polyg	(1, 0.0)	(2, 0.0)	(3, 0.00013437585104705664)	(4, 0.00013437585104705664)	(5, 0.0002239597517450944)	(6, 0.0002239597517450944)	(7, 0.0002687517020941133)	(8, 0.00035833560279215104)	(9, 0.00035833560279215104)	(10, 0.00043896111342038493)	(15, 0.0007256295956541058)	(20, 0.0011466739289348834)	(25, 0.0016214686026344836)	(30, 0.0021052216664038874)	(35, 0.0025441827798242723)	(40, 0.0032966875456877896)	(45, 0.028657889833302273)	(50, 0.03542147433600413)	(55, 0.03861066120085427)	(60, 0.04053671506586208)	(65, 0.05153761807158112)	(70, 0.07028752848768043)	(75, 0.08691430045723623)	(80, 0.11607386013444751)	(85, 0.1603462238594178)	(90, 0.22228453280204108)	(95, 0.3101305058265369)	(100, 0.4324931557899867)	(105, 0.6025413160950019)	(110, 0.8245570971949489)	(115, 1.1149970616480571)	(120, 1.4865462897931687)	(125, 1.9491575529978356)	(130, 2.5045866957157394)	(135, 3.142370318345349)	(140, 3.54456619891926)																														
DRR898421_2 - illumina_universal_adapter	(1, 0.00017916780139607552)	(2, 0.0002239597517450944)	(3, 0.00031354365244313213)	(4, 0.00031354365244313213)	(5, 0.00035833560279215104)	(6, 0.0004927114538392076)	(7, 0.0008062551062823398)	(8, 0.0016125102125646796)	(9, 0.0028666848223372083)	(10, 0.005849828715581865)	(15, 0.007802757750799088)	(20, 0.01060673384264767)	(25, 0.019466581621683604)	(30, 0.046619461923258845)	(35, 0.10072813794487363)	(40, 0.18401429042383935)	(45, 0.29757980133874185)	(50, 0.4502755600785472)	(55, 0.651158499003827)	(60, 0.916909140424556)	(65, 1.2462643513408918)	(70, 1.6696378660398181)	(75, 2.187495520804965)	(80, 2.80133336677799)	(85, 3.5116530738028002)	(90, 4.308761663823871)	(95, 5.186594306763943)	(100, 6.115498731491966)	(105, 7.094829933922914)	(110, 8.112073043129273)	(115, 9.148854401077873)	(120, 10.195597488784097)	(125, 11.246058308369287)	(130, 12.285088222225408)	(135, 13.315141829231587)	(140, 13.930520518296616)																														
DRR898421_2 - polyg	(1, 0.21607636848366707)	(2, 0.22086910717101207)	(3, 0.22167536227729442)	(4, 0.22225765763183167)	(5, 0.2227951610360199)	(6, 0.22364620809265126)	(7, 0.22449725514928262)	(8, 0.22548267805696104)	(9, 0.2266024768156865)	(10, 0.2287883239927186)	(15, 0.23040979259535307)	(20, 0.2308487537087735)	(25, 0.2315833416944974)	(30, 0.23234480485043071)	(35, 0.23282855791420012)	(40, 0.23322272707727149)	(45, 0.2334108532687374)	(50, 0.2336706465807617)	(55, 0.23387668955236718)	(60, 0.2342171083750197)	(65, 0.2346202359281609)	(70, 0.23487107085011538)	(75, 0.2352114896727679)	(80, 0.23638503877191225)	(85, 0.2410881935585592)	(90, 0.24437592271417716)	(95, 0.2470455229549787)	(100, 0.2549020310461966)	(105, 0.2774592572419626)	(110, 0.32639894219330057)	(115, 0.40478485530408365)	(120, 0.5131724167586394)	(125, 0.6592837587971391)	(130, 0.850661845858357)	(135, 1.1058415869967178)	(140, 1.2839612567546261)																														
DRR898438_1 - illumina_universal_adapter	(1, 0.00015740179996828353)	(2, 0.00019675224996035443)	(3, 0.00031480359993656706)	(4, 0.0004328549499127797)	(5, 0.0005509062998889924)	(6, 0.0017314197996511189)	(7, 0.0027938819494370327)	(8, 0.005705815248850278)	(9, 0.008735799898239737)	(10, 0.012914817687397665)	(15, 0.0168183823266111)	(20, 0.019643744636041786)	(25, 0.023027883335359885)	(30, 0.028017520394354473)	(35, 0.03546262553285428)	(40, 0.04482803263096715)	(45, 0.056625297538590004)	(50, 0.07275898203533906)	(55, 0.09261521910133803)	(60, 0.11805922006621108)	(65, 0.15197143786937778)	(70, 0.1947532471007572)	(75, 0.2476953425200894)	(80, 0.3168813036961484)	(85, 0.40107552649918327)	(90, 0.5044098081783615)	(95, 0.6333376225323825)	(100, 0.787851099471248)	(105, 0.9690520515947361)	(110, 1.1784200558225484)	(115, 1.4212123322736256)	(120, 1.6893620386995933)	(125, 1.9805553686409183)	(130, 2.288212926858925)	(135, 2.6109259672438987)	(140, 2.811786404183425)																														
DRR898438_1 - polyg	(1, 0.0)	(2, 0.0)	(3, 0.00011805134997621265)	(4, 0.00011805134997621265)	(5, 0.00011805134997621265)	(6, 0.00011805134997621265)	(7, 0.00011805134997621265)	(8, 0.00011805134997621265)	(9, 0.00015740179996828353)	(10, 0.00015740179996828353)	(15, 0.00018101206996352606)	(20, 0.00019675224996035446)	(25, 0.00019675224996035446)	(30, 0.00019675224996035446)	(35, 0.0002990634199397387)	(40, 0.00035415404992863796)	(45, 0.00038563440992229466)	(50, 0.0003935044999207089)	(55, 0.0004092446799175372)	(60, 0.00047220539990485056)	(65, 0.0011254228697732272)	(70, 0.012017627427578448)	(75, 0.019572913826056058)	(80, 0.02962301875403096)	(85, 0.03577742913279085)	(90, 0.03945276116205028)	(95, 0.0430808726513192)	(100, 0.04773209584038198)	(105, 0.05493322818893096)	(110, 0.06469213978696453)	(115, 0.07619034127464765)	(120, 0.09179672974150296)	(125, 0.11147195473753842)	(130, 0.1350035238327968)	(135, 0.16762504687622357)	(140, 0.1906922806615755)																														
DRR898438_2 - illumina_universal_adapter	(1, 0.00015740179996828353)	(2, 0.0002754531499444962)	(3, 0.00039350449992070887)	(4, 0.0005115558498969215)	(5, 0.000668957649865205)	(6, 0.0017314197996511189)	(7, 0.0027938819494370327)	(8, 0.00578451614883442)	(9, 0.008775150348231807)	(10, 0.012977778407384977)	(15, 0.016865602866601583)	(20, 0.019659484816038613)	(25, 0.023082973965348783)	(30, 0.028245753004308483)	(35, 0.03595844120275437)	(40, 0.04567013226079747)	(45, 0.057853031578342616)	(50, 0.07439596075500923)	(55, 0.09471653313091462)	(60, 0.12028645553576227)	(65, 0.15454495729885917)	(70, 0.19769666076016415)	(75, 0.2509692999594297)	(80, 0.32039136383544115)	(85, 0.404908260328411)	(90, 0.5087698380374828)	(95, 0.6378078336514817)	(100, 0.7925338030203044)	(105, 0.9745611145936259)	(110, 1.184173091611389)	(115, 1.427563494902346)	(120, 1.6961854067282185)	(125, 1.9875912290995004)	(130, 2.2956265516374312)	(135, 2.6181585799524414)	(140, 2.8185546815820612)																														
DRR898438_2 - polyg	(1, 0.7674124757453664)	(2, 0.8040477446879843)	(3, 0.8068022761874294)	(4, 0.8097535599368346)	(5, 0.8118784842364065)	(6, 0.814396913035899)	(7, 0.8169940427353757)	(8, 0.819905976034789)	(9, 0.8230146615841626)	(10, 0.8307745703225988)	(15, 0.8367951891713858)	(20, 0.8388492826609719)	(25, 0.8399038747207594)	(30, 0.8404390408406515)	(35, 0.8407538444405882)	(40, 0.8409112462405565)	(45, 0.8409978172305388)	(50, 0.8411158685805151)	(55, 0.8411237386705135)	(60, 0.8411552190305074)	(65, 0.8412181797504944)	(70, 0.8412732703804833)	(75, 0.841532983350431)	(80, 0.8440514121499237)	(85, 0.8540070759979177)	(90, 0.859051803686901)	(95, 0.8622706704962525)	(100, 0.8658673016255276)	(105, 0.8709513797645032)	(110, 0.8784830558929857)	(115, 0.888729913070921)	(120, 0.9005980087885295)	(125, 0.9175265723751185)	(130, 0.9381304679909667)	(135, 0.9636689100358208)	(140, 0.9828955399019466)																														
