Sample	0	1	2	3	4	5	6	7	8	9	10	11	12	13	14	15
DRR898354_1	(1.0, 83.7253553276663)	(2.0, 12.287077753994867)	(3.0, 1.9582311178418552)	(4.0, 0.6013718339389535)	(5.0, 0.3674849476427556)	(6.0, 0.21231402632204155)	(7.0, 0.17613875220123734)	(8.0, 0.13727117112790696)	(9.0, 0.09427761440551313)	('>10', 0.3402161679903477)	('>50', 0.0)	('>100', 0.013941658233152516)	('>500', 0.08631962863505069)	('>1k', 0.0)	('>5k', 0.0)	('>10k+', 0.0)
DRR898354_2	(1.0, 85.6730221390493)	(2.0, 10.888659095503387)	(3.0, 1.7079841715683663)	(4.0, 0.5173453745372748)	(5.0, 0.30654221221418904)	(6.0, 0.2164435079685721)	(7.0, 0.1485470802075139)	(8.0, 0.1402405711657754)	(9.0, 0.0958548694808044)	('>10', 0.22921794388339112)	('>50', 0.0)	('>100', 0.01275643044203281)	('>500', 0.06338660397940335)	('>1k', 0.0)	('>5k', 0.0)	('>10k+', 0.0)
DRR898355_1	(1.0, 47.597810021698876)	(2.0, 25.297631193521795)	(3.0, 12.696612123182877)	(4.0, 6.287668137834686)	(5.0, 3.1350859023056206)	(6.0, 1.5426433739514875)	(7.0, 0.8873868438329932)	(8.0, 0.5374692835756639)	(9.0, 0.3515050404355455)	('>10', 1.5822726850202515)	('>50', 0.007228818760538745)	('>100', 0.0089706763090022)	('>500', 0.02407326781138322)	('>1k', 0.04364263175936223)	('>5k', 0.0)	('>10k+', 0.0)
DRR898355_2	(1.0, 48.815620599160034)	(2.0, 24.909780450585167)	(3.0, 12.259907799223889)	(4.0, 5.837219566437186)	(5.0, 2.847731924860472)	(6.0, 1.4065915314443331)	(7.0, 0.7773871106741759)	(8.0, 0.5097123664510529)	(9.0, 0.3279396470323836)	('>10', 1.4763375082154764)	('>50', 0.03737332478884984)	('>100', 0.01132942191933764)	('>500', 0.0)	('>1k', 0.0)	('>5k', 0.0)	('>10k+', 0.7830687492076518)
DRR898359_1	(1.0, 70.42656569897923)	(2.0, 20.43367182126011)	(3.0, 5.942928699118804)	(4.0, 1.8532578526595807)	(5.0, 0.6230473495229265)	(6.0, 0.2670806747472431)	(7.0, 0.1383290439612733)	(8.0, 0.08483411077945323)	(9.0, 0.04435036089032974)	('>10', 0.09756406876111855)	('>50', 0.004181937287928133)	('>100', 0.04831625846633776)	('>500', 0.03587212356567784)	('>1k', 0.0)	('>5k', 0.0)	('>10k+', 0.0)
DRR898359_2	(1.0, 70.62303797914208)	(2.0, 20.17107033493054)	(3.0, 5.718440490913857)	(4.0, 1.7469009968856894)	(5.0, 0.6799604177495059)	(6.0, 0.22234832471875401)	(7.0, 0.13784302189360156)	(8.0, 0.06861286547020257)	(9.0, 0.03788528309522221)	('>10', 0.08808939472556937)	('>50', 0.00608341837704779)	('>100', 0.0)	('>500', 0.0)	('>1k', 0.0)	('>5k', 0.4997274720979049)	('>10k+', 0.0)
DRR898360_1	(1.0, 57.71477198771048)	(2.0, 24.204390572043017)	(3.0, 9.478617825227246)	(4.0, 3.9368490057815597)	(5.0, 1.7366199414459211)	(6.0, 0.8689482038131588)	(7.0, 0.4248351841773197)	(8.0, 0.3255692977966398)	(9.0, 0.2194969103306818)	('>10', 0.9873936104189782)	('>50', 0.0)	('>100', 0.02150797916357421)	('>500', 0.0)	('>1k', 0.08099948209140066)	('>5k', 0.0)	('>10k+', 0.0)
DRR898360_2	(1.0, 59.0399527651862)	(2.0, 23.08897027665815)	(3.0, 9.083883775886795)	(4.0, 3.6073054868288548)	(5.0, 1.6112994965023064)	(6.0, 0.7628100315812683)	(7.0, 0.4294242974538258)	(8.0, 0.27711033614698805)	(9.0, 0.22467852671577307)	('>10', 0.9915738745272424)	('>50', 0.004287916621227656)	('>100', 0.025014955975363334)	('>500', 0.0)	('>1k', 0.0)	('>5k', 0.0)	('>10k+', 0.8536882599159589)
DRR898362_1	(1.0, 66.33028673449077)	(2.0, 21.17829935338492)	(3.0, 7.090507675297343)	(4.0, 2.6850868268711254)	(5.0, 1.1040221750766825)	(6.0, 0.5740011397474765)	(7.0, 0.27995050362585894)	(8.0, 0.15996482344137808)	(9.0, 0.1133198330432399)	('>10', 0.28890314487180974)	('>50', 0.006207316951323919)	('>100', 0.011066151462714259)	('>500', 0.036411208038608214)	('>1k', 0.14197311369675805)	('>5k', 0.0)	('>10k+', 0.0)
DRR898362_2	(1.0, 68.66314300342434)	(2.0, 20.054057649817352)	(3.0, 6.5784637331479905)	(4.0, 2.31758470887291)	(5.0, 1.0308368285210832)	(6.0, 0.4557765698262533)	(7.0, 0.23307320298190173)	(8.0, 0.16123333697619244)	(9.0, 0.09045508093804751)	('>10', 0.23629304379878557)	('>50', 0.002821161901780745)	('>100', 0.032814134047987734)	('>500', 0.0)	('>1k', 0.14344754574538293)	('>5k', 0.0)	('>10k+', 0.0)
DRR898363_1	(1.0, 65.54192623112631)	(2.0, 23.5403460427832)	(3.0, 7.402796131219744)	(4.0, 2.1421942929008906)	(5.0, 0.6741975490936527)	(6.0, 0.2230080172740318)	(7.0, 0.10358267489871618)	(8.0, 0.05607715811464909)	(9.0, 0.04451312496465323)	('>10', 0.07021093044470564)	('>50', 0.01059995484603787)	('>100', 0.014679617247006472)	('>500', 0.0)	('>1k', 0.1758682750863856)	('>5k', 0.0)	('>10k+', 0.0)
DRR898363_2	(1.0, 65.72170666021424)	(2.0, 23.36039359389735)	(3.0, 7.118360937764469)	(4.0, 1.9806304135607018)	(5.0, 0.6267093859291405)	(6.0, 0.22202299867272843)	(7.0, 0.08886940534932618)	(8.0, 0.053603766790173396)	(9.0, 0.0363698259121619)	('>10', 0.10147562221264525)	('>50', 0.006419298677855394)	('>100', 0.00466241350926203)	('>500', 0.0)	('>1k', 0.0)	('>5k', 0.0)	('>10k+', 0.6787756775099475)
DRR898364_1	(1.0, 62.8555910385812)	(2.0, 24.6944903512964)	(3.0, 8.231403423749152)	(4.0, 2.5442449138437686)	(5.0, 0.8377292035178482)	(6.0, 0.3038501225708508)	(7.0, 0.1418464318576394)	(8.0, 0.0609816871644467)	(9.0, 0.05745505424256388)	('>10', 0.09825835275553503)	('>50', 0.008226007986262471)	('>100', 0.023498764962256433)	('>500', 0.0)	('>1k', 0.14242464747206945)	('>5k', 0.0)	('>10k+', 0.0)
DRR898364_2	(1.0, 63.177223350188726)	(2.0, 24.37633965830248)	(3.0, 7.830970358917908)	(4.0, 2.5022668166644255)	(5.0, 0.7717920217448997)	(6.0, 0.29176461418750094)	(7.0, 0.12382258455555341)	(8.0, 0.08278290142412753)	(9.0, 0.04934870755058632)	('>10', 0.12204785502287104)	('>50', 0.005784980378687076)	('>100', 0.004809502701669578)	('>500', 0.0)	('>1k', 0.0)	('>5k', 0.0)	('>10k+', 0.6610466483605578)
DRR898365_1	(1.0, 65.299292991778)	(2.0, 23.772017241057657)	(3.0, 7.509558503988279)	(4.0, 2.1143344267147475)	(5.0, 0.64195016822334)	(6.0, 0.21743424304612427)	(7.0, 0.09247630957470634)	(8.0, 0.06273507320594125)	(9.0, 0.03077579139763703)	('>10', 0.08608119130495363)	('>50', 0.005447422007813249)	('>100', 0.007310654695913292)	('>500', 0.032330128291150534)	('>1k', 0.12825585471374096)	('>5k', 0.0)	('>10k+', 0.0)
DRR898365_2	(1.0, 65.96418604168657)	(2.0, 23.152912590165375)	(3.0, 7.074525674739151)	(4.0, 2.077014540203476)	(5.0, 0.6320787991045163)	(6.0, 0.1939797276943241)	(7.0, 0.10309799141812531)	(8.0, 0.07254806321624616)	(9.0, 0.0408843159380161)	('>10', 0.0934506456849267)	('>50', 0.005787750538856997)	('>100', 0.005386459885836944)	('>500', 0.0)	('>1k', 0.0)	('>5k', 0.0)	('>10k+', 0.5841473997245802)
DRR898366_1	(1.0, 64.17237740775055)	(2.0, 24.34217302256316)	(3.0, 7.7315136438825425)	(4.0, 2.3552832053872295)	(5.0, 0.7431351457021604)	(6.0, 0.2775339373178629)	(7.0, 0.1318051835381105)	(8.0, 0.06367214265569729)	(9.0, 0.04543736118384346)	('>10', 0.10818194428887601)	('>50', 0.016319960481181034)	('>100', 0.01256704524879336)	('>500', 0.0)	('>1k', 0.0)	('>5k', 0.0)	('>10k+', 0.0)
DRR898366_2	(1.0, 64.65199132491712)	(2.0, 23.91339096417527)	(3.0, 7.508468125835015)	(4.0, 2.2359268684616547)	(5.0, 0.7289737436467011)	(6.0, 0.2174064378127121)	(7.0, 0.11494592107612782)	(8.0, 0.06457588975900463)	(9.0, 0.043024822610254206)	('>10', 0.11848222095895786)	('>50', 0.005270198869723792)	('>100', 0.004800007543151933)	('>500', 0.0)	('>1k', 0.0)	('>5k', 0.0)	('>10k+', 0.39274347433432427)
DRR898368_1	(1.0, 69.1398881821856)	(2.0, 22.131660860818723)	(3.0, 6.26460437800343)	(4.0, 1.5682223609821633)	(5.0, 0.44772455220298774)	(6.0, 0.17681274501196345)	(7.0, 0.06712549599065638)	(8.0, 0.05120633090260192)	(9.0, 0.02142375284834131)	('>10', 0.05442150498797062)	('>50', 0.0064513116252524465)	('>100', 0.0)	('>500', 0.0)	('>1k', 0.07045852444035851)	('>5k', 0.0)	('>10k+', 0.0)
DRR898368_2	(1.0, 69.11720195286371)	(2.0, 21.978883652204956)	(3.0, 6.107521031063942)	(4.0, 1.5753412973968328)	(5.0, 0.4475459009339418)	(6.0, 0.15858243059855096)	(7.0, 0.09304224663419511)	(8.0, 0.0475897503782086)	(9.0, 0.03442761034154216)	('>10', 0.05403385202512968)	('>50', 0.0)	('>100', 0.0053044683325770055)	('>500', 0.0)	('>1k', 0.0)	('>5k', 0.3805258072264452)	('>10k+', 0.0)
DRR898372_1	(1.0, 69.83610077827437)	(2.0, 21.86034460566368)	(3.0, 6.004251882457192)	(4.0, 1.5051568190523343)	(5.0, 0.43956999645810446)	(6.0, 0.1492090396114627)	(7.0, 0.07633511948392818)	(8.0, 0.038462587304490814)	(9.0, 0.028610577896853322)	('>10', 0.04259537421418252)	('>50', 0.007623506567470111)	('>100', 0.011739713015927852)	('>500', 0.0)	('>1k', 0.0)	('>5k', 0.0)	('>10k+', 0.0)
DRR898372_2	(1.0, 70.0145251525788)	(2.0, 21.52216381962787)	(3.0, 5.857495898971413)	(4.0, 1.44767488839058)	(5.0, 0.400019318529269)	(6.0, 0.1409046939922707)	(7.0, 0.06811696798647185)	(8.0, 0.05226539009793575)	(9.0, 0.023759908160267428)	('>10', 0.049458100369443335)	('>50', 0.0028814803879085066)	('>100', 0.004950365676126196)	('>500', 0.0)	('>1k', 0.0)	('>5k', 0.4157840152316182)	('>10k+', 0.0)
DRR898376_1	(1.0, 72.3901234721608)	(2.0, 18.34960558150138)	(3.0, 4.961845456613596)	(4.0, 1.6858457924042984)	(5.0, 0.6648545876953192)	(6.0, 0.4172924997856581)	(7.0, 0.29719160363366576)	(8.0, 0.20220302597583747)	(9.0, 0.17932564650945784)	('>10', 0.7022908582245415)	('>50', 0.012287989798436037)	('>100', 0.06746336997506014)	('>500', 0.0)	('>1k', 0.06967011572190791)	('>5k', 0.0)	('>10k+', 0.0)
DRR898376_2	(1.0, 71.97427579394883)	(2.0, 18.608261767030562)	(3.0, 4.957257983699787)	(4.0, 1.6264867439403525)	(5.0, 0.7049458391594735)	(6.0, 0.4027839188262846)	(7.0, 0.28604059459892)	(8.0, 0.19700835987250523)	(9.0, 0.14880963659834706)	('>10', 0.7518992621050101)	('>50', 0.0044814343628944864)	('>100', 0.0)	('>500', 0.0)	('>1k', 0.0)	('>5k', 0.3377486658570196)	('>10k+', 0.0)
DRR898377_1	(1.0, 68.69891773907823)	(2.0, 20.49454134238546)	(3.0, 6.067053139378508)	(4.0, 1.9491710838450347)	(5.0, 0.7397826675406486)	(6.0, 0.35371984212056184)	(7.0, 0.24126473223434397)	(8.0, 0.15432008219146728)	(9.0, 0.12034519324933673)	('>10', 0.44422299883466293)	('>50', 0.04227444787379499)	('>100', 0.0766178752819041)	('>500', 0.12654460894149636)	('>1k', 0.49122424704455625)	('>5k', 0.0)	('>10k+', 0.0)
DRR898377_2	(1.0, 68.37760373920635)	(2.0, 20.725157902495134)	(3.0, 6.0663247930410416)	(4.0, 1.8778568041586756)	(5.0, 0.6894719893613441)	(6.0, 0.3369822424976522)	(7.0, 0.2126606950526144)	(8.0, 0.13833635375407088)	(9.0, 0.11141955702303791)	('>10', 0.4464045213854255)	('>50', 0.015700614098201247)	('>100', 0.0)	('>500', 0.0)	('>1k', 0.0)	('>5k', 0.0)	('>10k+', 1.0020807879264202)
DRR898379_1	(1.0, 57.54934416289491)	(2.0, 25.238572990206183)	(3.0, 10.095453482475332)	(4.0, 3.8957673872197214)	(5.0, 1.5070101825108184)	(6.0, 0.6609862949874418)	(7.0, 0.2965164580134689)	(8.0, 0.1640925220836891)	(9.0, 0.09655296356570613)	('>10', 0.26277640478711495)	('>50', 0.00692811317317575)	('>100', 0.010902850816690261)	('>500', 0.0)	('>1k', 0.0)	('>5k', 0.21509618726572566)	('>10k+', 0.0)
DRR898379_2	(1.0, 57.9647361443262)	(2.0, 24.635316765542914)	(3.0, 9.994608412186649)	(4.0, 3.9071175380649117)	(5.0, 1.4811820660701092)	(6.0, 0.562718955365236)	(7.0, 0.2479274424481263)	(8.0, 0.12305264521364624)	(9.0, 0.07844006657454873)	('>10', 0.26931331824954746)	('>50', 0.009913055008120052)	('>100', 0.008576115919897724)	('>500', 0.0)	('>1k', 0.0)	('>5k', 0.0)	('>10k+', 0.7170974750300876)
DRR898407_1	(1.0, 70.66456535392436)	(2.0, 20.094901050798086)	(3.0, 5.751989029473046)	(4.0, 1.68300713250275)	(5.0, 0.5489905453719213)	(6.0, 0.2777762155722362)	(7.0, 0.15881326166909998)	(8.0, 0.12887972907813594)	(9.0, 0.0740511823389945)	('>10', 0.3129280442122994)	('>50', 0.016231404476425137)	('>100', 0.020455555785465603)	('>500', 0.0)	('>1k', 0.0)	('>5k', 0.2674114947971467)	('>10k+', 0.0)
DRR898407_2	(1.0, 69.79355255733516)	(2.0, 20.58211104038848)	(3.0, 5.824270190537416)	(4.0, 1.779567135604715)	(5.0, 0.6178506727319354)	(6.0, 0.2486275734021366)	(7.0, 0.15176414775430117)	(8.0, 0.13093636596129687)	(9.0, 0.09386225705722209)	('>10', 0.2858216981576443)	('>50', 0.002698741465610725)	('>100', 0.0)	('>500', 0.0)	('>1k', 0.0)	('>5k', 0.0)	('>10k+', 0.4889376196040065)
DRR898409_1	(1.0, 60.7982893205496)	(2.0, 21.523354199979295)	(3.0, 8.443873657115844)	(4.0, 3.7205163922901554)	(5.0, 1.8384785087908695)	(6.0, 1.1174982626997234)	(7.0, 0.6211914115767544)	(8.0, 0.44591025434783627)	(9.0, 0.36067158153257906)	('>10', 1.091432062478776)	('>50', 0.007170692991684583)	('>100', 0.03161365564686675)	('>500', 0.0)	('>1k', 0.0)	('>5k', 0.0)	('>10k+', 0.0)
DRR898409_2	(1.0, 60.42863023896891)	(2.0, 21.77157536876674)	(3.0, 8.367687813942757)	(4.0, 3.7427376343480403)	(5.0, 1.845217516983725)	(6.0, 1.0625711151008417)	(7.0, 0.6986668164873772)	(8.0, 0.45838039102030304)	(9.0, 0.2977118893879771)	('>10', 1.072207577289532)	('>50', 0.0021533315430628157)	('>100', 0.0)	('>500', 0.0)	('>1k', 0.0)	('>5k', 0.2524603061607468)	('>10k+', 0.0)
DRR898410_1	(1.0, 52.24026992215295)	(2.0, 24.52299686847896)	(3.0, 11.36932290368249)	(4.0, 5.274997941869059)	(5.0, 2.614743350057349)	(6.0, 1.2745789370829277)	(7.0, 0.8003995431896875)	(8.0, 0.5265173130398795)	(9.0, 0.33075217076066343)	('>10', 0.9726175076059265)	('>50', 0.004638400155216189)	('>100', 0.054782962335624366)	('>500', 0.013382179589271962)	('>1k', 0.0)	('>5k', 0.0)	('>10k+', 0.0)
DRR898410_2	(1.0, 53.390111799843474)	(2.0, 23.89945670212759)	(3.0, 10.792846245298916)	(4.0, 5.018453285584754)	(5.0, 2.4041670034086717)	(6.0, 1.278664046384154)	(7.0, 0.6572859005946156)	(8.0, 0.40812895020242573)	(9.0, 0.3122631200252856)	('>10', 1.0493421875841418)	('>50', 0.007258775521006478)	('>100', 0.017637116998802882)	('>500', 0.0)	('>1k', 0.0)	('>5k', 0.0)	('>10k+', 0.7643848664261594)
DRR898411_1	(1.0, 71.85329943835367)	(2.0, 19.690556930593868)	(3.0, 5.508699946517277)	(4.0, 1.6793062908876362)	(5.0, 0.6017210645290095)	(6.0, 0.2782554217147619)	(7.0, 0.11745519695716643)	(8.0, 0.06723273632254573)	(9.0, 0.035242340846717256)	('>10', 0.11684637196391284)	('>50', 0.0101525355014416)	('>100', 0.04123172581197711)	('>500', 0.0)	('>1k', 0.0)	('>5k', 0.0)	('>10k+', 0.0)
DRR898411_2	(1.0, 74.26562234962202)	(2.0, 18.17081357382582)	(3.0, 4.994844681664619)	(4.0, 1.519517332161592)	(5.0, 0.48576034725894035)	(6.0, 0.22225294973415066)	(7.0, 0.11601346524163646)	(8.0, 0.058747267308829225)	(9.0, 0.026383569116921145)	('>10', 0.08580564011034057)	('>50', 0.0)	('>100', 0.05423882395512097)	('>500', 0.0)	('>1k', 0.0)	('>5k', 0.0)	('>10k+', 0.0)
DRR898421_1	(1.0, 65.85804843283492)	(2.0, 20.94863603513527)	(3.0, 7.305096906972916)	(4.0, 2.7010743792954206)	(5.0, 1.2609334445245322)	(6.0, 0.6759721895916755)	(7.0, 0.3953690830701158)	(8.0, 0.24764408830527646)	(9.0, 0.13917853321472254)	('>10', 0.4097575045545401)	('>50', 0.0)	('>100', 0.0)	('>500', 0.0)	('>1k', 0.0582894025006012)	('>5k', 0.0)	('>10k+', 0.0)
DRR898421_2	(1.0, 66.02003221501221)	(2.0, 20.818490573639835)	(3.0, 7.153181969845761)	(4.0, 2.70925774562983)	(5.0, 1.233352587074642)	(6.0, 0.657390105206811)	(7.0, 0.4005537972660607)	(8.0, 0.24617988101317345)	(9.0, 0.15445558806396728)	('>10', 0.4075028642298241)	('>50', 0.002990467389972234)	('>100', 0.0)	('>500', 0.0)	('>1k', 0.1966122056278868)	('>5k', 0.0)	('>10k+', 0.0)
DRR898438_1	(1.0, 60.26779154786565)	(2.0, 23.035038838485008)	(3.0, 9.181531199455662)	(4.0, 3.720941370302634)	(5.0, 1.593365253268948)	(6.0, 0.7205298223380358)	(7.0, 0.43014942792849636)	(8.0, 0.2544347336054624)	(9.0, 0.17716644386306066)	('>10', 0.6137497238160804)	('>50', 0.0)	('>100', 0.005301639070981602)	('>500', 0.0)	('>1k', 0.0)	('>5k', 0.0)	('>10k+', 0.0)
DRR898438_2	(1.0, 60.35558807733501)	(2.0, 22.790895955591164)	(3.0, 8.797158407575594)	(4.0, 3.6306439146854363)	(5.0, 1.4567522994302062)	(6.0, 0.7008811102579401)	(7.0, 0.381938216801648)	(8.0, 0.22953278747372105)	(9.0, 0.17354701016132346)	('>10', 0.6557716948886708)	('>50', 0.004423815653554874)	('>100', 0.011139763388724473)	('>500', 0.0)	('>1k', 0.0)	('>5k', 0.0)	('>10k+', 0.8117269467570128)
