Sample	0	1	2	3	4	5	6	7	8	9	10	11	12	13	14	15	16	17	18	19	20	21	22	23	24	25
DRR898355_1_paired	(19.0, 3.0)	(20.0, 76.0)	(21.0, 387.0)	(22.0, 1143.0)	(23.0, 1969.0)	(24.0, 3087.0)	(25.0, 4012.0)	(26.0, 5318.0)	(27.0, 6491.0)	(28.0, 8732.0)	(29.0, 10969.0)	(30.0, 14078.0)	(31.0, 17163.0)	(32.0, 22261.0)	(33.0, 29480.0)	(34.0, 40591.0)	(35.0, 58985.0)	(36.0, 95696.0)	(37.0, 164895.0)	(38.0, 408247.0)	(39.0, 3072533.0)	(40.0, 1604129.0)				
DRR898355_2_paired	(17.0, 2.0)	(18.0, 24.0)	(19.0, 223.0)	(20.0, 1245.0)	(21.0, 3317.0)	(22.0, 5439.0)	(23.0, 6539.0)	(24.0, 7605.0)	(25.0, 7856.0)	(26.0, 8890.0)	(27.0, 9434.0)	(28.0, 11350.0)	(29.0, 13527.0)	(30.0, 16575.0)	(31.0, 19887.0)	(32.0, 25422.0)	(33.0, 33008.0)	(34.0, 46032.0)	(35.0, 66702.0)	(36.0, 110812.0)	(37.0, 197406.0)	(38.0, 509621.0)	(39.0, 3190159.0)	(40.0, 1279170.0)		
DRR898359_1_paired	(20.0, 14.0)	(21.0, 82.0)	(22.0, 251.0)	(23.0, 398.0)	(24.0, 554.0)	(25.0, 840.0)	(26.0, 1071.0)	(27.0, 1356.0)	(28.0, 1823.0)	(29.0, 2313.0)	(30.0, 3129.0)	(31.0, 3797.0)	(32.0, 5137.0)	(33.0, 6680.0)	(34.0, 9720.0)	(35.0, 14072.0)	(36.0, 23608.0)	(37.0, 40832.0)	(38.0, 102430.0)	(39.0, 867308.0)	(40.0, 577258.0)					
DRR898359_2_paired	(18.0, 1.0)	(19.0, 47.0)	(20.0, 185.0)	(21.0, 500.0)	(22.0, 919.0)	(23.0, 1160.0)	(24.0, 1404.0)	(25.0, 1412.0)	(26.0, 1617.0)	(27.0, 1727.0)	(28.0, 2172.0)	(29.0, 2630.0)	(30.0, 3231.0)	(31.0, 4008.0)	(32.0, 5255.0)	(33.0, 6810.0)	(34.0, 9786.0)	(35.0, 14732.0)	(36.0, 24810.0)	(37.0, 46378.0)	(38.0, 122175.0)	(39.0, 942489.0)	(40.0, 469225.0)			
DRR898360_1_paired	(19.0, 2.0)	(20.0, 11.0)	(21.0, 157.0)	(22.0, 403.0)	(23.0, 790.0)	(24.0, 1166.0)	(25.0, 1610.0)	(26.0, 2211.0)	(27.0, 2744.0)	(28.0, 3728.0)	(29.0, 4852.0)	(30.0, 6322.0)	(31.0, 8223.0)	(32.0, 10852.0)	(33.0, 14587.0)	(34.0, 21113.0)	(35.0, 31382.0)	(36.0, 53231.0)	(37.0, 96173.0)	(38.0, 251175.0)	(39.0, 1872670.0)	(40.0, 947204.0)				
DRR898360_2_paired	(17.0, 1.0)	(18.0, 12.0)	(19.0, 159.0)	(20.0, 674.0)	(21.0, 1801.0)	(22.0, 3002.0)	(23.0, 3449.0)	(24.0, 4020.0)	(25.0, 4128.0)	(26.0, 4523.0)	(27.0, 5141.0)	(28.0, 6143.0)	(29.0, 7182.0)	(30.0, 9028.0)	(31.0, 11051.0)	(32.0, 14456.0)	(33.0, 19043.0)	(34.0, 26893.0)	(35.0, 40082.0)	(36.0, 67900.0)	(37.0, 126039.0)	(38.0, 330944.0)	(39.0, 1924436.0)	(40.0, 720499.0)		
DRR898362_1_paired	(22.0, 1.0)	(23.0, 4.0)	(24.0, 45.0)	(25.0, 217.0)	(26.0, 686.0)	(27.0, 2074.0)	(28.0, 4821.0)	(29.0, 9304.0)	(30.0, 15627.0)	(31.0, 22640.0)	(32.0, 30627.0)	(33.0, 39029.0)	(34.0, 47845.0)	(35.0, 58125.0)	(36.0, 72076.0)	(37.0, 92992.0)	(38.0, 132988.0)	(39.0, 263124.0)	(40.0, 903842.0)							
DRR898362_2_paired	(19.0, 3.0)	(20.0, 17.0)	(21.0, 68.0)	(22.0, 254.0)	(23.0, 785.0)	(24.0, 1796.0)	(25.0, 3480.0)	(26.0, 6357.0)	(27.0, 10400.0)	(28.0, 15890.0)	(29.0, 22518.0)	(30.0, 30595.0)	(31.0, 40038.0)	(32.0, 50322.0)	(33.0, 62508.0)	(34.0, 75519.0)	(35.0, 91957.0)	(36.0, 112247.0)	(37.0, 140320.0)	(38.0, 191544.0)	(39.0, 314620.0)	(40.0, 524829.0)				
DRR898363_1_paired	(18.0, 1.0)	(19.0, 20.0)	(20.0, 131.0)	(21.0, 324.0)	(22.0, 554.0)	(23.0, 713.0)	(24.0, 800.0)	(25.0, 934.0)	(26.0, 1287.0)	(27.0, 1935.0)	(28.0, 3043.0)	(29.0, 5135.0)	(30.0, 9210.0)	(31.0, 16859.0)	(32.0, 32927.0)	(33.0, 61135.0)	(34.0, 108970.0)	(35.0, 216010.0)	(36.0, 1316057.0)	(37.0, 854098.0)						
DRR898363_2_paired	(18.0, 7.0)	(19.0, 80.0)	(20.0, 386.0)	(21.0, 728.0)	(22.0, 931.0)	(23.0, 1064.0)	(24.0, 1059.0)	(25.0, 1085.0)	(26.0, 1338.0)	(27.0, 1820.0)	(28.0, 2874.0)	(29.0, 4623.0)	(30.0, 7696.0)	(31.0, 13745.0)	(32.0, 27447.0)	(33.0, 53149.0)	(34.0, 104750.0)	(35.0, 228635.0)	(36.0, 1416489.0)	(37.0, 762237.0)						
DRR898364_1_paired	(18.0, 1.0)	(19.0, 20.0)	(20.0, 103.0)	(21.0, 356.0)	(22.0, 611.0)	(23.0, 755.0)	(24.0, 888.0)	(25.0, 1033.0)	(26.0, 1407.0)	(27.0, 2067.0)	(28.0, 3405.0)	(29.0, 5849.0)	(30.0, 10004.0)	(31.0, 19161.0)	(32.0, 36910.0)	(33.0, 68013.0)	(34.0, 121066.0)	(35.0, 239331.0)	(36.0, 1466778.0)	(37.0, 980629.0)						
DRR898364_2_paired	(18.0, 9.0)	(19.0, 78.0)	(20.0, 463.0)	(21.0, 873.0)	(22.0, 1172.0)	(23.0, 1242.0)	(24.0, 1191.0)	(25.0, 1290.0)	(26.0, 1617.0)	(27.0, 2193.0)	(28.0, 3294.0)	(29.0, 5402.0)	(30.0, 9052.0)	(31.0, 16485.0)	(32.0, 31842.0)	(33.0, 62451.0)	(34.0, 120797.0)	(35.0, 259385.0)	(36.0, 1604648.0)	(37.0, 834903.0)						
DRR898365_1_paired	(19.0, 20.0)	(20.0, 116.0)	(21.0, 344.0)	(22.0, 541.0)	(23.0, 682.0)	(24.0, 865.0)	(25.0, 998.0)	(26.0, 1344.0)	(27.0, 2032.0)	(28.0, 3209.0)	(29.0, 5306.0)	(30.0, 9485.0)	(31.0, 17598.0)	(32.0, 34262.0)	(33.0, 62860.0)	(34.0, 111043.0)	(35.0, 219991.0)	(36.0, 1343628.0)	(37.0, 830962.0)							
DRR898365_2_paired	(18.0, 4.0)	(19.0, 86.0)	(20.0, 388.0)	(21.0, 737.0)	(22.0, 1060.0)	(23.0, 1092.0)	(24.0, 1127.0)	(25.0, 1099.0)	(26.0, 1423.0)	(27.0, 1929.0)	(28.0, 2957.0)	(29.0, 4821.0)	(30.0, 7956.0)	(31.0, 14267.0)	(32.0, 28406.0)	(33.0, 56233.0)	(34.0, 107557.0)	(35.0, 233094.0)	(36.0, 1438179.0)	(37.0, 742871.0)						
DRR898366_1_paired	(19.0, 19.0)	(20.0, 127.0)	(21.0, 365.0)	(22.0, 654.0)	(23.0, 759.0)	(24.0, 868.0)	(25.0, 1128.0)	(26.0, 1419.0)	(27.0, 2153.0)	(28.0, 3420.0)	(29.0, 5892.0)	(30.0, 10084.0)	(31.0, 18684.0)	(32.0, 36300.0)	(33.0, 65473.0)	(34.0, 115538.0)	(35.0, 226610.0)	(36.0, 1402153.0)	(37.0, 891129.0)							
DRR898366_2_paired	(18.0, 3.0)	(19.0, 65.0)	(20.0, 319.0)	(21.0, 655.0)	(22.0, 984.0)	(23.0, 1058.0)	(24.0, 970.0)	(25.0, 968.0)	(26.0, 1282.0)	(27.0, 1826.0)	(28.0, 2703.0)	(29.0, 4580.0)	(30.0, 7735.0)	(31.0, 14198.0)	(32.0, 27652.0)	(33.0, 55660.0)	(34.0, 107020.0)	(35.0, 233830.0)	(36.0, 1492879.0)	(37.0, 828388.0)						
DRR898368_1_paired	(19.0, 10.0)	(20.0, 67.0)	(21.0, 191.0)	(22.0, 295.0)	(23.0, 430.0)	(24.0, 453.0)	(25.0, 538.0)	(26.0, 797.0)	(27.0, 1108.0)	(28.0, 1871.0)	(29.0, 3150.0)	(30.0, 5649.0)	(31.0, 10843.0)	(32.0, 21658.0)	(33.0, 41094.0)	(34.0, 74834.0)	(35.0, 152141.0)	(36.0, 1039816.0)	(37.0, 732014.0)							
DRR898368_2_paired	(18.0, 3.0)	(19.0, 36.0)	(20.0, 200.0)	(21.0, 381.0)	(22.0, 520.0)	(23.0, 562.0)	(24.0, 547.0)	(25.0, 624.0)	(26.0, 731.0)	(27.0, 1029.0)	(28.0, 1611.0)	(29.0, 2709.0)	(30.0, 4599.0)	(31.0, 8414.0)	(32.0, 17224.0)	(33.0, 35255.0)	(34.0, 69686.0)	(35.0, 159213.0)	(36.0, 1121652.0)	(37.0, 661963.0)						
DRR898372_1_paired	(19.0, 11.0)	(20.0, 84.0)	(21.0, 202.0)	(22.0, 320.0)	(23.0, 453.0)	(24.0, 493.0)	(25.0, 630.0)	(26.0, 815.0)	(27.0, 1203.0)	(28.0, 1972.0)	(29.0, 3420.0)	(30.0, 6293.0)	(31.0, 11665.0)	(32.0, 22558.0)	(33.0, 42400.0)	(34.0, 76854.0)	(35.0, 155279.0)	(36.0, 1011985.0)	(37.0, 704021.0)							
DRR898372_2_paired	(19.0, 52.0)	(20.0, 244.0)	(21.0, 467.0)	(22.0, 663.0)	(23.0, 725.0)	(24.0, 747.0)	(25.0, 745.0)	(26.0, 894.0)	(27.0, 1201.0)	(28.0, 1892.0)	(29.0, 3209.0)	(30.0, 5375.0)	(31.0, 9534.0)	(32.0, 19098.0)	(33.0, 38273.0)	(34.0, 75601.0)	(35.0, 168690.0)	(36.0, 1102563.0)	(37.0, 610685.0)							
DRR898376_1_paired	(19.0, 1.0)	(20.0, 4.0)	(21.0, 57.0)	(22.0, 167.0)	(23.0, 301.0)	(24.0, 480.0)	(25.0, 617.0)	(26.0, 817.0)	(27.0, 978.0)	(28.0, 1346.0)	(29.0, 1754.0)	(30.0, 2300.0)	(31.0, 2932.0)	(32.0, 3786.0)	(33.0, 5166.0)	(34.0, 7511.0)	(35.0, 11647.0)	(36.0, 19915.0)	(37.0, 36839.0)	(38.0, 118469.0)	(39.0, 886390.0)	(40.0, 169387.0)				
DRR898376_2_paired	(18.0, 2.0)	(19.0, 32.0)	(20.0, 134.0)	(21.0, 347.0)	(22.0, 614.0)	(23.0, 783.0)	(24.0, 839.0)	(25.0, 911.0)	(26.0, 1017.0)	(27.0, 1098.0)	(28.0, 1386.0)	(29.0, 1655.0)	(30.0, 2102.0)	(31.0, 2657.0)	(32.0, 3634.0)	(33.0, 4832.0)	(34.0, 7113.0)	(35.0, 11245.0)	(36.0, 20254.0)	(37.0, 40420.0)	(38.0, 138706.0)	(39.0, 888966.0)	(40.0, 142117.0)			
DRR898377_1_paired	(20.0, 15.0)	(21.0, 84.0)	(22.0, 224.0)	(23.0, 399.0)	(24.0, 578.0)	(25.0, 837.0)	(26.0, 1056.0)	(27.0, 1263.0)	(28.0, 1883.0)	(29.0, 2357.0)	(30.0, 3043.0)	(31.0, 3691.0)	(32.0, 4930.0)	(33.0, 6515.0)	(34.0, 9597.0)	(35.0, 14894.0)	(36.0, 25246.0)	(37.0, 47148.0)	(38.0, 150303.0)	(39.0, 1064706.0)	(40.0, 186477.0)					
DRR898377_2_paired	(18.0, 3.0)	(19.0, 27.0)	(20.0, 174.0)	(21.0, 471.0)	(22.0, 811.0)	(23.0, 1035.0)	(24.0, 1128.0)	(25.0, 1238.0)	(26.0, 1316.0)	(27.0, 1493.0)	(28.0, 1877.0)	(29.0, 2316.0)	(30.0, 2903.0)	(31.0, 3541.0)	(32.0, 4876.0)	(33.0, 6597.0)	(34.0, 9472.0)	(35.0, 15221.0)	(36.0, 26939.0)	(37.0, 53771.0)	(38.0, 182417.0)	(39.0, 1059778.0)	(40.0, 147842.0)			
DRR898379_1_paired	(19.0, 1.0)	(20.0, 50.0)	(21.0, 313.0)	(22.0, 810.0)	(23.0, 1431.0)	(24.0, 2182.0)	(25.0, 2841.0)	(26.0, 3592.0)	(27.0, 4513.0)	(28.0, 6114.0)	(29.0, 7748.0)	(30.0, 9984.0)	(31.0, 12101.0)	(32.0, 15868.0)	(33.0, 20382.0)	(34.0, 28631.0)	(35.0, 42101.0)	(36.0, 68653.0)	(37.0, 114960.0)	(38.0, 283455.0)	(39.0, 1964216.0)	(40.0, 1094792.0)				
DRR898379_2_paired	(18.0, 9.0)	(19.0, 94.0)	(20.0, 583.0)	(21.0, 1553.0)	(22.0, 2663.0)	(23.0, 3307.0)	(24.0, 3838.0)	(25.0, 4034.0)	(26.0, 4566.0)	(27.0, 4833.0)	(28.0, 5982.0)	(29.0, 7363.0)	(30.0, 8980.0)	(31.0, 10793.0)	(32.0, 13871.0)	(33.0, 18071.0)	(34.0, 25275.0)	(35.0, 37693.0)	(36.0, 64505.0)	(37.0, 117749.0)	(38.0, 308055.0)	(39.0, 2054379.0)	(40.0, 986542.0)			
DRR898407_1_paired	(20.0, 28.0)	(21.0, 165.0)	(22.0, 446.0)	(23.0, 827.0)	(24.0, 1233.0)	(25.0, 1658.0)	(26.0, 2017.0)	(27.0, 2386.0)	(28.0, 3220.0)	(29.0, 4217.0)	(30.0, 5349.0)	(31.0, 6408.0)	(32.0, 8340.0)	(33.0, 10833.0)	(34.0, 15206.0)	(35.0, 22654.0)	(36.0, 37201.0)	(37.0, 66147.0)	(38.0, 196902.0)	(39.0, 1262433.0)	(40.0, 208602.0)					
DRR898407_2_paired	(18.0, 5.0)	(19.0, 38.0)	(20.0, 261.0)	(21.0, 743.0)	(22.0, 1234.0)	(23.0, 1574.0)	(24.0, 1879.0)	(25.0, 1948.0)	(26.0, 2221.0)	(27.0, 2425.0)	(28.0, 3081.0)	(29.0, 3687.0)	(30.0, 4653.0)	(31.0, 5626.0)	(32.0, 7521.0)	(33.0, 9898.0)	(34.0, 14335.0)	(35.0, 22211.0)	(36.0, 38143.0)	(37.0, 73574.0)	(38.0, 236203.0)	(39.0, 1259143.0)	(40.0, 165869.0)			
DRR898409_1_paired	(20.0, 21.0)	(21.0, 187.0)	(22.0, 457.0)	(23.0, 788.0)	(24.0, 1181.0)	(25.0, 1506.0)	(26.0, 1890.0)	(27.0, 2492.0)	(28.0, 3266.0)	(29.0, 4207.0)	(30.0, 5197.0)	(31.0, 6511.0)	(32.0, 8092.0)	(33.0, 10441.0)	(34.0, 14142.0)	(35.0, 20218.0)	(36.0, 32421.0)	(37.0, 52875.0)	(38.0, 121622.0)	(39.0, 1042111.0)	(40.0, 832091.0)					
DRR898409_2_paired	(18.0, 7.0)	(19.0, 46.0)	(20.0, 234.0)	(21.0, 684.0)	(22.0, 1167.0)	(23.0, 1434.0)	(24.0, 1674.0)	(25.0, 1803.0)	(26.0, 2065.0)	(27.0, 2178.0)	(28.0, 2720.0)	(29.0, 3372.0)	(30.0, 4226.0)	(31.0, 5080.0)	(32.0, 6476.0)	(33.0, 8328.0)	(34.0, 11591.0)	(35.0, 16998.0)	(36.0, 27852.0)	(37.0, 49014.0)	(38.0, 124769.0)	(39.0, 1134800.0)	(40.0, 755198.0)			
DRR898410_1_paired	(19.0, 2.0)	(20.0, 39.0)	(21.0, 330.0)	(22.0, 854.0)	(23.0, 1405.0)	(24.0, 2149.0)	(25.0, 2802.0)	(26.0, 3760.0)	(27.0, 4705.0)	(28.0, 6236.0)	(29.0, 7720.0)	(30.0, 10003.0)	(31.0, 11968.0)	(32.0, 15610.0)	(33.0, 20606.0)	(34.0, 28517.0)	(35.0, 41556.0)	(36.0, 68215.0)	(37.0, 115888.0)	(38.0, 284697.0)	(39.0, 2236477.0)	(40.0, 1341232.0)				
DRR898410_2_paired	(15.0, 1.0)	(16.0, 0.0)	(17.0, 0.0)	(18.0, 12.0)	(19.0, 152.0)	(20.0, 815.0)	(21.0, 2269.0)	(22.0, 3759.0)	(23.0, 4483.0)	(24.0, 5075.0)	(25.0, 5295.0)	(26.0, 6116.0)	(27.0, 6469.0)	(28.0, 7960.0)	(29.0, 9288.0)	(30.0, 11280.0)	(31.0, 13758.0)	(32.0, 17472.0)	(33.0, 22883.0)	(34.0, 31010.0)	(35.0, 45210.0)	(36.0, 75430.0)	(37.0, 134441.0)	(38.0, 343432.0)	(39.0, 2352501.0)	(40.0, 1105660.0)
DRR898411_1_paired	(20.0, 1.0)	(21.0, 0.0)	(22.0, 1.0)	(23.0, 2.0)	(24.0, 10.0)	(25.0, 65.0)	(26.0, 255.0)	(27.0, 730.0)	(28.0, 1622.0)	(29.0, 3299.0)	(30.0, 5285.0)	(31.0, 7699.0)	(32.0, 10370.0)	(33.0, 13598.0)	(34.0, 17249.0)	(35.0, 21936.0)	(36.0, 28273.0)	(37.0, 39127.0)	(38.0, 62664.0)	(39.0, 132676.0)	(40.0, 693250.0)					
DRR898411_2_paired	(19.0, 2.0)	(20.0, 6.0)	(21.0, 34.0)	(22.0, 159.0)	(23.0, 415.0)	(24.0, 924.0)	(25.0, 1919.0)	(26.0, 3188.0)	(27.0, 5152.0)	(28.0, 7377.0)	(29.0, 9924.0)	(30.0, 13222.0)	(31.0, 16450.0)	(32.0, 19998.0)	(33.0, 23880.0)	(34.0, 29009.0)	(35.0, 35811.0)	(36.0, 44343.0)	(37.0, 59345.0)	(38.0, 88121.0)	(39.0, 166438.0)	(40.0, 512395.0)				
DRR898421_1_paired	(19.0, 2.0)	(20.0, 24.0)	(21.0, 171.0)	(22.0, 469.0)	(23.0, 799.0)	(24.0, 1157.0)	(25.0, 1588.0)	(26.0, 2100.0)	(27.0, 2533.0)	(28.0, 3489.0)	(29.0, 4473.0)	(30.0, 5455.0)	(31.0, 6731.0)	(32.0, 8338.0)	(33.0, 10433.0)	(34.0, 14202.0)	(35.0, 20223.0)	(36.0, 31296.0)	(37.0, 49080.0)	(38.0, 108761.0)	(39.0, 854384.0)	(40.0, 763378.0)				
DRR898421_2_paired	(18.0, 4.0)	(19.0, 22.0)	(20.0, 128.0)	(21.0, 486.0)	(22.0, 813.0)	(23.0, 1004.0)	(24.0, 1345.0)	(25.0, 1400.0)	(26.0, 1568.0)	(27.0, 1742.0)	(28.0, 2164.0)	(29.0, 2766.0)	(30.0, 3390.0)	(31.0, 4172.0)	(32.0, 5386.0)	(33.0, 6938.0)	(34.0, 9649.0)	(35.0, 14311.0)	(36.0, 24163.0)	(37.0, 44948.0)	(38.0, 102000.0)	(39.0, 963046.0)	(40.0, 697641.0)			
DRR898438_1_paired	(19.0, 4.0)	(20.0, 18.0)	(21.0, 132.0)	(22.0, 323.0)	(23.0, 521.0)	(24.0, 703.0)	(25.0, 948.0)	(26.0, 1242.0)	(27.0, 1536.0)	(28.0, 2029.0)	(29.0, 2595.0)	(30.0, 3290.0)	(31.0, 4049.0)	(32.0, 5287.0)	(33.0, 6903.0)	(34.0, 9628.0)	(35.0, 14397.0)	(36.0, 23912.0)	(37.0, 40294.0)	(38.0, 100222.0)	(39.0, 966366.0)	(40.0, 1257367.0)				
DRR898438_2_paired	(18.0, 6.0)	(19.0, 110.0)	(20.0, 536.0)	(21.0, 1312.0)	(22.0, 2008.0)	(23.0, 2334.0)	(24.0, 2445.0)	(25.0, 2429.0)	(26.0, 2524.0)	(27.0, 2762.0)	(28.0, 3298.0)	(29.0, 3835.0)	(30.0, 4626.0)	(31.0, 5488.0)	(32.0, 6927.0)	(33.0, 8924.0)	(34.0, 12146.0)	(35.0, 17481.0)	(36.0, 28881.0)	(37.0, 51498.0)	(38.0, 131782.0)	(39.0, 1139348.0)	(40.0, 1011066.0)			
