Sample	0	1	2	3	4	5	6	7	8	9	10	11	12	13	14	15	16	17	18	19	20	21	22	23	24	25	26	27	28	29	30	31	32	33	34	35	36	37	38	39	40	41	42	43	44	45	46	47	48	49	50	51	52	53	54	55	56	57	58	59	60	61	62	63	64	65	66	67	68	69	70	71	72	73	74	75	76	77	78	79	80	81	82	83	84	85	86	87	88	89	90	91	92	93	94	95	96	97	98	99	100
DRR898355_1_paired	(0.0, 0.0)	(1.0, 0.0)	(2.0, 0.0)	(3.0, 0.0)	(4.0, 0.0)	(5.0, 0.0)	(6.0, 0.0)	(7.0, 0.0)	(8.0, 0.0)	(9.0, 0.0)	(10.0, 0.0)	(11.0, 0.0)	(12.0, 0.5)	(13.0, 1.5)	(14.0, 1.5)	(15.0, 1.0)	(16.0, 2.0)	(17.0, 4.5)	(18.0, 11.5)	(19.0, 27.5)	(20.0, 46.5)	(21.0, 80.0)	(22.0, 127.0)	(23.0, 205.5)	(24.0, 393.0)	(25.0, 625.0)	(26.0, 887.5)	(27.0, 1249.5)	(28.0, 1780.0)	(29.0, 2498.5)	(30.0, 3423.5)	(31.0, 4687.5)	(32.0, 6035.5)	(33.0, 7571.0)	(34.0, 9329.0)	(35.0, 11408.5)	(36.0, 13905.0)	(37.0, 16646.0)	(38.0, 19732.0)	(39.0, 23308.5)	(40.0, 27205.5)	(41.0, 31408.5)	(42.0, 36367.0)	(43.0, 42701.0)	(44.0, 50610.5)	(45.0, 58943.0)	(46.0, 69209.5)	(47.0, 81984.5)	(48.0, 95131.5)	(49.0, 110669.0)	(50.0, 129831.5)	(51.0, 150421.5)	(52.0, 172961.0)	(53.0, 194875.0)	(54.0, 217826.0)	(55.0, 243276.0)	(56.0, 265826.0)	(57.0, 283980.0)	(58.0, 297474.5)	(59.0, 306299.0)	(60.0, 310477.5)	(61.0, 308678.0)	(62.0, 298123.0)	(63.0, 281223.0)	(64.0, 258135.5)	(65.0, 229589.0)	(66.0, 201091.5)	(67.0, 172521.5)	(68.0, 142647.5)	(69.0, 113954.5)	(70.0, 87548.0)	(71.0, 63985.5)	(72.0, 45409.0)	(73.0, 31204.0)	(74.0, 20626.0)	(75.0, 13230.5)	(76.0, 8108.0)	(77.0, 4757.5)	(78.0, 2785.5)	(79.0, 1569.0)	(80.0, 793.5)	(81.0, 427.5)	(82.0, 210.5)	(83.0, 90.0)	(84.0, 50.0)	(85.0, 37.0)	(86.0, 21.0)	(87.0, 7.5)	(88.0, 3.0)	(89.0, 1.5)	(90.0, 3.0)	(91.0, 3.5)	(92.0, 2.5)	(93.0, 1.0)	(94.0, 1.5)	(95.0, 4.0)	(96.0, 4.0)	(97.0, 3.0)	(98.0, 2.5)	(99.0, 2.5)	(100.0, 3.5)
DRR898355_2_paired	(0.0, 1.0)	(1.0, 0.5)	(2.0, 0.0)	(3.0, 0.0)	(4.0, 0.0)	(5.0, 0.0)	(6.0, 0.0)	(7.0, 0.0)	(8.0, 0.0)	(9.0, 0.5)	(10.0, 1.0)	(11.0, 0.5)	(12.0, 0.0)	(13.0, 0.0)	(14.0, 0.0)	(15.0, 2.0)	(16.0, 4.5)	(17.0, 8.5)	(18.0, 16.5)	(19.0, 28.0)	(20.0, 50.0)	(21.0, 73.5)	(22.0, 120.0)	(23.0, 225.0)	(24.0, 393.5)	(25.0, 646.5)	(26.0, 916.5)	(27.0, 1258.5)	(28.0, 1837.5)	(29.0, 2602.5)	(30.0, 3516.0)	(31.0, 4758.5)	(32.0, 6121.5)	(33.0, 7466.0)	(34.0, 9229.5)	(35.0, 11514.0)	(36.0, 13966.5)	(37.0, 16710.5)	(38.0, 19595.0)	(39.0, 23057.0)	(40.0, 27108.0)	(41.0, 31395.0)	(42.0, 36264.5)	(43.0, 42689.5)	(44.0, 51036.0)	(45.0, 59939.5)	(46.0, 70004.5)	(47.0, 81572.0)	(48.0, 94237.5)	(49.0, 110514.5)	(50.0, 129781.0)	(51.0, 150058.0)	(52.0, 172728.0)	(53.0, 195205.0)	(54.0, 218631.5)	(55.0, 243696.0)	(56.0, 265444.5)	(57.0, 284028.0)	(58.0, 298324.0)	(59.0, 306570.0)	(60.0, 309744.0)	(61.0, 307681.5)	(62.0, 296878.5)	(63.0, 278672.5)	(64.0, 255125.0)	(65.0, 227324.0)	(66.0, 199053.0)	(67.0, 170311.0)	(68.0, 140969.0)	(69.0, 112279.0)	(70.0, 85687.0)	(71.0, 62642.0)	(72.0, 44408.0)	(73.0, 30531.5)	(74.0, 20249.0)	(75.0, 12888.5)	(76.0, 7820.0)	(77.0, 4591.5)	(78.0, 2718.0)	(79.0, 1579.0)	(80.0, 845.0)	(81.0, 483.0)	(82.0, 265.0)	(83.0, 149.5)	(84.0, 115.5)	(85.0, 91.0)	(86.0, 79.0)	(87.0, 80.5)	(88.0, 75.5)	(89.0, 70.0)	(90.0, 76.5)	(91.0, 98.0)	(92.0, 126.0)	(93.0, 159.5)	(94.0, 203.5)	(95.0, 273.5)	(96.0, 457.5)	(97.0, 778.0)	(98.0, 1181.0)	(99.0, 3981.0)	(100.0, 17507.5)
DRR898359_1_paired	(0.0, 0.0)	(1.0, 0.0)	(2.0, 0.0)	(3.0, 0.0)	(4.0, 0.0)	(5.0, 0.0)	(6.0, 0.0)	(7.0, 0.0)	(8.0, 0.0)	(9.0, 0.0)	(10.0, 0.0)	(11.0, 0.0)	(12.0, 0.0)	(13.0, 0.0)	(14.0, 0.0)	(15.0, 1.0)	(16.0, 2.5)	(17.0, 1.5)	(18.0, 6.5)	(19.0, 16.0)	(20.0, 28.0)	(21.0, 43.0)	(22.0, 64.0)	(23.0, 113.0)	(24.0, 172.5)	(25.0, 261.5)	(26.0, 365.0)	(27.0, 478.5)	(28.0, 690.5)	(29.0, 954.0)	(30.0, 1247.5)	(31.0, 1651.0)	(32.0, 2107.5)	(33.0, 2592.0)	(34.0, 3078.5)	(35.0, 3645.0)	(36.0, 4403.0)	(37.0, 5278.5)	(38.0, 6238.5)	(39.0, 7266.0)	(40.0, 8321.0)	(41.0, 9643.0)	(42.0, 11233.5)	(43.0, 13063.5)	(44.0, 15316.5)	(45.0, 17840.0)	(46.0, 20641.0)	(47.0, 23930.5)	(48.0, 28065.0)	(49.0, 32900.0)	(50.0, 38157.5)	(51.0, 44087.0)	(52.0, 50954.0)	(53.0, 57621.0)	(54.0, 64473.0)	(55.0, 72223.5)	(56.0, 79357.0)	(57.0, 85133.5)	(58.0, 89151.5)	(59.0, 92028.0)	(60.0, 92994.5)	(61.0, 92121.5)	(62.0, 89123.0)	(63.0, 84024.0)	(64.0, 77188.0)	(65.0, 68410.5)	(66.0, 59711.0)	(67.0, 51033.0)	(68.0, 42093.0)	(69.0, 33630.0)	(70.0, 25674.5)	(71.0, 18599.5)	(72.0, 13215.0)	(73.0, 9188.0)	(74.0, 6007.0)	(75.0, 3698.0)	(76.0, 2181.0)	(77.0, 1235.0)	(78.0, 749.5)	(79.0, 437.5)	(80.0, 206.5)	(81.0, 113.5)	(82.0, 60.0)	(83.0, 19.5)	(84.0, 5.5)	(85.0, 7.0)	(86.0, 8.0)	(87.0, 3.5)	(88.0, 2.5)	(89.0, 2.0)	(90.0, 1.0)	(91.0, 0.5)	(92.0, 0.0)	(93.0, 0.0)	(94.0, 1.0)	(95.0, 2.0)	(96.0, 1.0)	(97.0, 0.0)	(98.0, 2.5)	(99.0, 5.0)	(100.0, 3.0)
DRR898359_2_paired	(0.0, 0.0)	(1.0, 0.0)	(2.0, 0.0)	(3.0, 0.0)	(4.0, 0.0)	(5.0, 0.0)	(6.0, 0.0)	(7.0, 0.0)	(8.0, 0.0)	(9.0, 0.0)	(10.0, 0.0)	(11.0, 0.0)	(12.0, 0.0)	(13.0, 0.0)	(14.0, 0.0)	(15.0, 1.5)	(16.0, 3.0)	(17.0, 5.0)	(18.0, 7.0)	(19.0, 11.0)	(20.0, 23.0)	(21.0, 33.5)	(22.0, 58.5)	(23.0, 109.5)	(24.0, 163.0)	(25.0, 243.5)	(26.0, 362.0)	(27.0, 479.0)	(28.0, 685.0)	(29.0, 874.5)	(30.0, 1127.0)	(31.0, 1543.5)	(32.0, 1941.0)	(33.0, 2347.5)	(34.0, 2857.0)	(35.0, 3449.0)	(36.0, 4176.0)	(37.0, 5051.5)	(38.0, 5947.0)	(39.0, 6893.0)	(40.0, 7977.5)	(41.0, 9148.5)	(42.0, 10632.0)	(43.0, 12487.5)	(44.0, 14618.0)	(45.0, 17052.0)	(46.0, 20041.5)	(47.0, 23490.5)	(48.0, 27423.5)	(49.0, 32214.0)	(50.0, 37621.5)	(51.0, 43649.0)	(52.0, 50349.0)	(53.0, 57261.0)	(54.0, 64287.0)	(55.0, 71631.0)	(56.0, 78450.0)	(57.0, 84106.5)	(58.0, 89125.5)	(59.0, 92179.5)	(60.0, 93044.0)	(61.0, 92922.0)	(62.0, 90350.5)	(63.0, 85203.5)	(64.0, 77875.0)	(65.0, 69158.0)	(66.0, 60344.5)	(67.0, 51464.5)	(68.0, 42652.5)	(69.0, 34041.0)	(70.0, 25955.0)	(71.0, 19069.0)	(72.0, 13646.0)	(73.0, 9321.5)	(74.0, 6028.5)	(75.0, 3787.0)	(76.0, 2284.0)	(77.0, 1319.5)	(78.0, 808.0)	(79.0, 459.5)	(80.0, 230.5)	(81.0, 135.5)	(82.0, 69.0)	(83.0, 38.5)	(84.0, 31.5)	(85.0, 23.5)	(86.0, 20.5)	(87.0, 18.5)	(88.0, 15.5)	(89.0, 14.5)	(90.0, 16.0)	(91.0, 21.5)	(92.0, 26.0)	(93.0, 32.0)	(94.0, 42.0)	(95.0, 50.0)	(96.0, 84.0)	(97.0, 152.5)	(98.0, 234.0)	(99.0, 751.5)	(100.0, 3097.0)
DRR898360_1_paired	(0.0, 0.0)	(1.0, 0.0)	(2.0, 0.0)	(3.0, 0.0)	(4.0, 0.0)	(5.0, 0.0)	(6.0, 0.0)	(7.0, 0.0)	(8.0, 0.0)	(9.0, 0.0)	(10.0, 0.0)	(11.0, 0.0)	(12.0, 0.5)	(13.0, 1.0)	(14.0, 1.0)	(15.0, 0.5)	(16.0, 1.0)	(17.0, 10.5)	(18.0, 21.0)	(19.0, 35.5)	(20.0, 63.5)	(21.0, 110.5)	(22.0, 186.0)	(23.0, 307.0)	(24.0, 506.0)	(25.0, 757.5)	(26.0, 1043.0)	(27.0, 1421.0)	(28.0, 1978.5)	(29.0, 2757.5)	(30.0, 3675.5)	(31.0, 4774.5)	(32.0, 5879.0)	(33.0, 6949.5)	(34.0, 8389.5)	(35.0, 10144.0)	(36.0, 11969.5)	(37.0, 14025.5)	(38.0, 16276.5)	(39.0, 18578.0)	(40.0, 21109.5)	(41.0, 23730.0)	(42.0, 26789.0)	(43.0, 31177.0)	(44.0, 36429.0)	(45.0, 41817.0)	(46.0, 47776.5)	(47.0, 54916.5)	(48.0, 63272.5)	(49.0, 72487.0)	(50.0, 83403.5)	(51.0, 95335.5)	(52.0, 107791.5)	(53.0, 120379.5)	(54.0, 133028.5)	(55.0, 146966.0)	(56.0, 158962.5)	(57.0, 167525.5)	(58.0, 174010.5)	(59.0, 177650.5)	(60.0, 177794.0)	(61.0, 175460.5)	(62.0, 169232.0)	(63.0, 158279.5)	(64.0, 143983.0)	(65.0, 127548.5)	(66.0, 110879.0)	(67.0, 94084.0)	(68.0, 77297.5)	(69.0, 61548.5)	(70.0, 46697.5)	(71.0, 33784.5)	(72.0, 23992.0)	(73.0, 16430.0)	(74.0, 10852.0)	(75.0, 6786.0)	(76.0, 3991.0)	(77.0, 2360.0)	(78.0, 1363.0)	(79.0, 752.5)	(80.0, 375.5)	(81.0, 196.0)	(82.0, 96.0)	(83.0, 48.0)	(84.0, 28.0)	(85.0, 17.0)	(86.0, 13.0)	(87.0, 8.5)	(88.0, 5.5)	(89.0, 4.0)	(90.0, 3.0)	(91.0, 3.0)	(92.0, 5.0)	(93.0, 4.0)	(94.0, 2.5)	(95.0, 4.5)	(96.0, 5.0)	(97.0, 2.5)	(98.0, 1.0)	(99.0, 1.5)	(100.0, 1.5)
DRR898360_2_paired	(0.0, 0.0)	(1.0, 0.0)	(2.0, 0.0)	(3.0, 0.0)	(4.0, 0.0)	(5.0, 0.0)	(6.0, 0.0)	(7.0, 0.0)	(8.0, 0.0)	(9.0, 0.0)	(10.0, 0.0)	(11.0, 0.0)	(12.0, 0.0)	(13.0, 0.0)	(14.0, 0.0)	(15.0, 2.5)	(16.0, 5.0)	(17.0, 6.0)	(18.0, 20.0)	(19.0, 42.5)	(20.0, 65.5)	(21.0, 95.5)	(22.0, 165.0)	(23.0, 307.0)	(24.0, 524.0)	(25.0, 779.0)	(26.0, 1061.5)	(27.0, 1388.0)	(28.0, 1919.5)	(29.0, 2683.5)	(30.0, 3492.0)	(31.0, 4601.0)	(32.0, 5734.0)	(33.0, 6842.0)	(34.0, 8211.0)	(35.0, 9716.0)	(36.0, 11506.5)	(37.0, 13654.0)	(38.0, 15746.5)	(39.0, 17999.0)	(40.0, 20569.5)	(41.0, 23051.5)	(42.0, 26244.5)	(43.0, 30544.0)	(44.0, 35648.5)	(45.0, 40917.0)	(46.0, 46584.0)	(47.0, 53871.5)	(48.0, 62249.0)	(49.0, 71867.0)	(50.0, 82519.5)	(51.0, 93869.0)	(52.0, 107185.5)	(53.0, 119953.0)	(54.0, 132391.0)	(55.0, 145922.0)	(56.0, 158300.5)	(57.0, 168206.0)	(58.0, 174939.5)	(59.0, 177969.5)	(60.0, 178231.5)	(61.0, 176575.5)	(62.0, 170325.0)	(63.0, 158734.0)	(64.0, 143759.0)	(65.0, 127367.5)	(66.0, 110473.5)	(67.0, 93471.0)	(68.0, 76989.5)	(69.0, 61424.0)	(70.0, 46921.5)	(71.0, 33823.5)	(72.0, 23643.0)	(73.0, 16188.5)	(74.0, 10605.5)	(75.0, 6734.5)	(76.0, 4074.0)	(77.0, 2363.0)	(78.0, 1368.0)	(79.0, 771.0)	(80.0, 434.0)	(81.0, 264.5)	(82.0, 153.5)	(83.0, 105.0)	(84.0, 91.0)	(85.0, 75.5)	(86.0, 65.0)	(87.0, 63.0)	(88.0, 60.5)	(89.0, 58.5)	(90.0, 64.0)	(91.0, 72.5)	(92.0, 79.0)	(93.0, 98.5)	(94.0, 139.0)	(95.0, 189.5)	(96.0, 328.0)	(97.0, 608.5)	(98.0, 940.5)	(99.0, 2938.5)	(100.0, 11080.0)
DRR898362_1_paired	(0.0, 0.0)	(1.0, 0.0)	(2.0, 0.0)	(3.0, 0.0)	(4.0, 0.0)	(5.0, 0.0)	(6.0, 0.0)	(7.0, 0.0)	(8.0, 0.0)	(9.0, 0.0)	(10.0, 0.0)	(11.0, 0.0)	(12.0, 0.5)	(13.0, 1.0)	(14.0, 0.5)	(15.0, 1.0)	(16.0, 1.5)	(17.0, 3.0)	(18.0, 6.5)	(19.0, 10.0)	(20.0, 16.0)	(21.0, 24.0)	(22.0, 30.5)	(23.0, 59.5)	(24.0, 93.5)	(25.0, 137.0)	(26.0, 213.5)	(27.0, 304.0)	(28.0, 462.5)	(29.0, 662.0)	(30.0, 882.0)	(31.0, 1208.5)	(32.0, 1593.5)	(33.0, 1948.0)	(34.0, 2349.5)	(35.0, 2896.0)	(36.0, 3548.0)	(37.0, 4266.5)	(38.0, 5144.5)	(39.0, 6196.5)	(40.0, 7363.0)	(41.0, 8596.5)	(42.0, 9997.0)	(43.0, 11685.5)	(44.0, 13861.5)	(45.0, 16045.0)	(46.0, 18893.0)	(47.0, 22521.0)	(48.0, 26335.5)	(49.0, 31135.0)	(50.0, 36585.5)	(51.0, 42356.5)	(52.0, 48973.0)	(53.0, 56067.5)	(54.0, 63647.5)	(55.0, 71581.0)	(56.0, 78527.5)	(57.0, 84690.5)	(58.0, 89507.5)	(59.0, 93493.0)	(60.0, 95406.5)	(61.0, 95530.5)	(62.0, 93804.0)	(63.0, 89208.5)	(64.0, 83037.5)	(65.0, 74969.5)	(66.0, 66094.5)	(67.0, 57357.0)	(68.0, 48401.5)	(69.0, 39253.5)	(70.0, 30584.0)	(71.0, 22808.5)	(72.0, 16655.0)	(73.0, 11820.5)	(74.0, 8047.0)	(75.0, 5267.0)	(76.0, 3231.5)	(77.0, 1899.0)	(78.0, 1137.5)	(79.0, 682.5)	(80.0, 407.5)	(81.0, 251.0)	(82.0, 160.5)	(83.0, 86.0)	(84.0, 32.5)	(85.0, 24.5)	(86.0, 17.5)	(87.0, 5.0)	(88.0, 1.0)	(89.0, 0.0)	(90.0, 0.5)	(91.0, 0.5)	(92.0, 0.5)	(93.0, 0.5)	(94.0, 0.0)	(95.0, 0.0)	(96.0, 0.0)	(97.0, 0.0)	(98.0, 0.5)	(99.0, 1.0)	(100.0, 1.0)
DRR898362_2_paired	(0.0, 0.0)	(1.0, 0.0)	(2.0, 0.0)	(3.0, 0.0)	(4.0, 0.0)	(5.0, 0.0)	(6.0, 0.0)	(7.0, 0.0)	(8.0, 0.0)	(9.0, 0.0)	(10.0, 0.0)	(11.0, 0.5)	(12.0, 0.5)	(13.0, 0.0)	(14.0, 1.0)	(15.0, 2.0)	(16.0, 2.0)	(17.0, 5.0)	(18.0, 11.0)	(19.0, 18.0)	(20.0, 24.0)	(21.0, 38.5)	(22.0, 68.5)	(23.0, 104.0)	(24.0, 145.5)	(25.0, 207.0)	(26.0, 289.5)	(27.0, 419.0)	(28.0, 588.0)	(29.0, 777.0)	(30.0, 1047.5)	(31.0, 1381.0)	(32.0, 1805.0)	(33.0, 2240.5)	(34.0, 2628.5)	(35.0, 3238.0)	(36.0, 3988.5)	(37.0, 4799.5)	(38.0, 5689.0)	(39.0, 6686.0)	(40.0, 7860.0)	(41.0, 9229.0)	(42.0, 10807.5)	(43.0, 12610.0)	(44.0, 14761.0)	(45.0, 17169.0)	(46.0, 20050.5)	(47.0, 23710.0)	(48.0, 27836.0)	(49.0, 32678.5)	(50.0, 38432.0)	(51.0, 44423.0)	(52.0, 51175.0)	(53.0, 58411.5)	(54.0, 65968.5)	(55.0, 73819.0)	(56.0, 80641.5)	(57.0, 86439.5)	(58.0, 91161.5)	(59.0, 94512.0)	(60.0, 96619.5)	(61.0, 96718.0)	(62.0, 94587.0)	(63.0, 90041.5)	(64.0, 82883.5)	(65.0, 74725.0)	(66.0, 66226.0)	(67.0, 57486.5)	(68.0, 48222.0)	(69.0, 39093.5)	(70.0, 30743.0)	(71.0, 22981.0)	(72.0, 16905.0)	(73.0, 12254.5)	(74.0, 8447.0)	(75.0, 5631.5)	(76.0, 3621.0)	(77.0, 2266.0)	(78.0, 1411.0)	(79.0, 876.5)	(80.0, 561.5)	(81.0, 356.5)	(82.0, 217.0)	(83.0, 119.5)	(84.0, 68.5)	(85.0, 44.0)	(86.0, 25.0)	(87.0, 11.0)	(88.0, 8.0)	(89.0, 8.0)	(90.0, 4.0)	(91.0, 3.0)	(92.0, 3.0)	(93.0, 0.5)	(94.0, 1.5)	(95.0, 4.0)	(96.0, 3.5)	(97.0, 2.5)	(98.0, 2.5)	(99.0, 2.5)	(100.0, 5.0)
DRR898363_1_paired	(0.0, 0.0)	(1.0, 0.0)	(2.0, 0.0)	(3.0, 0.0)	(4.0, 0.0)	(5.0, 0.0)	(6.0, 0.0)	(7.0, 0.0)	(8.0, 0.0)	(9.0, 0.0)	(10.0, 0.0)	(11.0, 0.0)	(12.0, 0.0)	(13.0, 0.0)	(14.0, 0.0)	(15.0, 0.5)	(16.0, 3.0)	(17.0, 6.0)	(18.0, 9.0)	(19.0, 14.0)	(20.0, 24.0)	(21.0, 48.5)	(22.0, 80.5)	(23.0, 127.0)	(24.0, 202.5)	(25.0, 331.5)	(26.0, 499.0)	(27.0, 689.5)	(28.0, 967.0)	(29.0, 1273.5)	(30.0, 1631.5)	(31.0, 2179.0)	(32.0, 2821.0)	(33.0, 3498.5)	(34.0, 4266.0)	(35.0, 5193.0)	(36.0, 6307.0)	(37.0, 7584.0)	(38.0, 8832.0)	(39.0, 10230.0)	(40.0, 12149.0)	(41.0, 14096.5)	(42.0, 16198.5)	(43.0, 19157.0)	(44.0, 22624.0)	(45.0, 26766.0)	(46.0, 31779.5)	(47.0, 37555.0)	(48.0, 44390.0)	(49.0, 52800.5)	(50.0, 62296.5)	(51.0, 72179.5)	(52.0, 83460.0)	(53.0, 95030.5)	(54.0, 106389.0)	(55.0, 117650.5)	(56.0, 127300.5)	(57.0, 135454.5)	(58.0, 142368.0)	(59.0, 145788.5)	(60.0, 146776.0)	(61.0, 145418.0)	(62.0, 140624.0)	(63.0, 133027.0)	(64.0, 122050.0)	(65.0, 108678.5)	(66.0, 94383.5)	(67.0, 80485.0)	(68.0, 66745.0)	(69.0, 53100.5)	(70.0, 40328.5)	(71.0, 29739.0)	(72.0, 21473.5)	(73.0, 14764.5)	(74.0, 9707.0)	(75.0, 6206.5)	(76.0, 3694.0)	(77.0, 2022.5)	(78.0, 1161.5)	(79.0, 695.5)	(80.0, 370.5)	(81.0, 187.0)	(82.0, 96.0)	(83.0, 45.0)	(84.0, 23.0)	(85.0, 14.0)	(86.0, 13.0)	(87.0, 10.0)	(88.0, 5.0)	(89.0, 2.5)	(90.0, 1.0)	(91.0, 0.0)	(92.0, 0.0)	(93.0, 1.0)	(94.0, 2.5)	(95.0, 3.0)	(96.0, 1.5)	(97.0, 2.0)	(98.0, 3.0)	(99.0, 2.5)	(100.0, 2.0)
DRR898363_2_paired	(0.0, 0.0)	(1.0, 0.0)	(2.0, 0.0)	(3.0, 0.0)	(4.0, 0.0)	(5.0, 0.0)	(6.0, 0.0)	(7.0, 0.0)	(8.0, 0.0)	(9.0, 0.0)	(10.0, 0.0)	(11.0, 0.0)	(12.0, 0.0)	(13.0, 0.0)	(14.0, 0.0)	(15.0, 0.5)	(16.0, 2.0)	(17.0, 3.5)	(18.0, 9.0)	(19.0, 15.5)	(20.0, 23.5)	(21.0, 49.0)	(22.0, 89.5)	(23.0, 136.0)	(24.0, 244.5)	(25.0, 368.5)	(26.0, 485.0)	(27.0, 677.0)	(28.0, 928.0)	(29.0, 1206.5)	(30.0, 1575.5)	(31.0, 2100.5)	(32.0, 2700.5)	(33.0, 3319.5)	(34.0, 4139.5)	(35.0, 5166.0)	(36.0, 6152.0)	(37.0, 7362.0)	(38.0, 8682.0)	(39.0, 10045.5)	(40.0, 11796.5)	(41.0, 13810.5)	(42.0, 16074.5)	(43.0, 18810.5)	(44.0, 22304.0)	(45.0, 26401.0)	(46.0, 31340.0)	(47.0, 37313.5)	(48.0, 44129.5)	(49.0, 52382.0)	(50.0, 61559.0)	(51.0, 71570.0)	(52.0, 83150.0)	(53.0, 94686.5)	(54.0, 106324.5)	(55.0, 118056.0)	(56.0, 127632.5)	(57.0, 135438.0)	(58.0, 141961.0)	(59.0, 145991.5)	(60.0, 147279.0)	(61.0, 145671.5)	(62.0, 141199.0)	(63.0, 133397.0)	(64.0, 122051.0)	(65.0, 108496.5)	(66.0, 94520.5)	(67.0, 80754.5)	(68.0, 66670.0)	(69.0, 53072.0)	(70.0, 40413.0)	(71.0, 29609.0)	(72.0, 21208.0)	(73.0, 14695.5)	(74.0, 9705.5)	(75.0, 6049.0)	(76.0, 3578.0)	(77.0, 1974.5)	(78.0, 1159.0)	(79.0, 691.5)	(80.0, 361.0)	(81.0, 203.5)	(82.0, 110.0)	(83.0, 56.5)	(84.0, 37.5)	(85.0, 22.0)	(86.0, 12.0)	(87.0, 4.5)	(88.0, 2.0)	(89.0, 2.0)	(90.0, 1.5)	(91.0, 2.0)	(92.0, 2.5)	(93.0, 3.5)	(94.0, 6.5)	(95.0, 8.5)	(96.0, 18.0)	(97.0, 40.5)	(98.0, 81.5)	(99.0, 550.5)	(100.0, 2139.0)
DRR898364_1_paired	(0.0, 0.0)	(1.0, 0.0)	(2.0, 0.0)	(3.0, 0.0)	(4.0, 0.0)	(5.0, 0.0)	(6.0, 0.0)	(7.0, 0.0)	(8.0, 0.0)	(9.0, 0.0)	(10.0, 0.0)	(11.0, 0.0)	(12.0, 0.0)	(13.0, 0.5)	(14.0, 0.5)	(15.0, 0.5)	(16.0, 2.5)	(17.0, 5.0)	(18.0, 6.0)	(19.0, 9.0)	(20.0, 22.5)	(21.0, 46.0)	(22.0, 81.0)	(23.0, 132.5)	(24.0, 217.0)	(25.0, 346.0)	(26.0, 531.5)	(27.0, 736.0)	(28.0, 995.5)	(29.0, 1329.0)	(30.0, 1733.5)	(31.0, 2270.0)	(32.0, 2973.5)	(33.0, 3737.5)	(34.0, 4533.5)	(35.0, 5550.5)	(36.0, 6763.0)	(37.0, 8313.5)	(38.0, 9880.5)	(39.0, 11276.5)	(40.0, 13101.0)	(41.0, 15358.5)	(42.0, 17864.5)	(43.0, 21001.5)	(44.0, 25002.5)	(45.0, 29537.5)	(46.0, 35030.5)	(47.0, 41423.5)	(48.0, 49156.5)	(49.0, 58735.5)	(50.0, 69462.0)	(51.0, 81105.5)	(52.0, 93594.0)	(53.0, 106337.0)	(54.0, 119443.5)	(55.0, 132276.5)	(56.0, 143611.5)	(57.0, 153587.0)	(58.0, 161021.0)	(59.0, 164595.5)	(60.0, 166577.0)	(61.0, 165367.0)	(62.0, 159509.0)	(63.0, 150260.0)	(64.0, 138043.0)	(65.0, 123082.0)	(66.0, 106641.0)	(67.0, 90878.5)	(68.0, 75127.5)	(69.0, 59804.0)	(70.0, 45491.5)	(71.0, 33285.5)	(72.0, 23805.0)	(73.0, 16396.5)	(74.0, 10847.0)	(75.0, 6824.0)	(76.0, 3945.0)	(77.0, 2181.0)	(78.0, 1268.0)	(79.0, 751.0)	(80.0, 401.0)	(81.0, 213.0)	(82.0, 108.0)	(83.0, 63.5)	(84.0, 37.0)	(85.0, 17.0)	(86.0, 9.5)	(87.0, 5.0)	(88.0, 1.5)	(89.0, 0.5)	(90.0, 0.5)	(91.0, 0.0)	(92.0, 0.5)	(93.0, 0.5)	(94.0, 0.0)	(95.0, 0.5)	(96.0, 1.0)	(97.0, 1.0)	(98.0, 2.0)	(99.0, 3.0)	(100.0, 2.0)
DRR898364_2_paired	(0.0, 0.0)	(1.0, 0.0)	(2.0, 0.0)	(3.0, 0.0)	(4.0, 0.0)	(5.0, 0.0)	(6.0, 0.0)	(7.0, 0.0)	(8.0, 0.0)	(9.0, 0.0)	(10.0, 0.0)	(11.0, 0.0)	(12.0, 0.0)	(13.0, 0.0)	(14.0, 1.0)	(15.0, 2.5)	(16.0, 3.0)	(17.0, 2.5)	(18.0, 6.0)	(19.0, 13.5)	(20.0, 28.5)	(21.0, 60.0)	(22.0, 86.0)	(23.0, 119.5)	(24.0, 204.0)	(25.0, 342.0)	(26.0, 504.0)	(27.0, 679.5)	(28.0, 918.5)	(29.0, 1249.0)	(30.0, 1684.5)	(31.0, 2268.5)	(32.0, 2921.5)	(33.0, 3579.5)	(34.0, 4441.0)	(35.0, 5511.5)	(36.0, 6707.5)	(37.0, 8177.5)	(38.0, 9599.0)	(39.0, 11099.5)	(40.0, 12982.0)	(41.0, 14980.5)	(42.0, 17513.0)	(43.0, 20787.0)	(44.0, 24612.5)	(45.0, 29184.5)	(46.0, 34866.0)	(47.0, 41439.0)	(48.0, 49190.5)	(49.0, 58406.0)	(50.0, 68619.0)	(51.0, 80193.0)	(52.0, 93137.0)	(53.0, 106070.5)	(54.0, 119959.0)	(55.0, 132995.5)	(56.0, 143498.0)	(57.0, 153353.5)	(58.0, 160590.5)	(59.0, 164830.0)	(60.0, 166475.0)	(61.0, 164788.0)	(62.0, 159669.0)	(63.0, 150690.5)	(64.0, 138238.0)	(65.0, 123058.0)	(66.0, 106777.5)	(67.0, 91004.5)	(68.0, 75515.5)	(69.0, 60003.5)	(70.0, 45385.5)	(71.0, 33224.0)	(72.0, 23707.0)	(73.0, 16249.0)	(74.0, 10824.0)	(75.0, 6886.0)	(76.0, 4037.5)	(77.0, 2271.5)	(78.0, 1313.5)	(79.0, 761.0)	(80.0, 402.0)	(81.0, 202.0)	(82.0, 100.0)	(83.0, 57.5)	(84.0, 37.0)	(85.0, 23.0)	(86.0, 15.5)	(87.0, 11.0)	(88.0, 7.0)	(89.0, 3.0)	(90.0, 2.0)	(91.0, 2.0)	(92.0, 2.5)	(93.0, 5.0)	(94.0, 6.0)	(95.0, 8.5)	(96.0, 22.0)	(97.0, 43.5)	(98.0, 81.0)	(99.0, 592.5)	(100.0, 2403.0)
DRR898365_1_paired	(0.0, 0.0)	(1.0, 0.0)	(2.0, 0.0)	(3.0, 0.0)	(4.0, 0.0)	(5.0, 0.0)	(6.0, 0.0)	(7.0, 0.0)	(8.0, 0.0)	(9.0, 0.0)	(10.0, 0.0)	(11.0, 0.0)	(12.0, 0.0)	(13.0, 0.0)	(14.0, 0.0)	(15.0, 0.0)	(16.0, 2.5)	(17.0, 4.5)	(18.0, 9.0)	(19.0, 14.0)	(20.0, 24.0)	(21.0, 57.5)	(22.0, 87.0)	(23.0, 119.0)	(24.0, 192.5)	(25.0, 312.5)	(26.0, 495.0)	(27.0, 684.5)	(28.0, 903.5)	(29.0, 1188.0)	(30.0, 1573.0)	(31.0, 2082.0)	(32.0, 2700.0)	(33.0, 3388.5)	(34.0, 4132.0)	(35.0, 5048.5)	(36.0, 6102.5)	(37.0, 7418.5)	(38.0, 8839.0)	(39.0, 10152.5)	(40.0, 11777.5)	(41.0, 13755.5)	(42.0, 15981.0)	(43.0, 18814.5)	(44.0, 22335.0)	(45.0, 26616.0)	(46.0, 31714.0)	(47.0, 37547.5)	(48.0, 44525.5)	(49.0, 52619.5)	(50.0, 61950.0)	(51.0, 72370.0)	(52.0, 83903.5)	(53.0, 95274.0)	(54.0, 106963.0)	(55.0, 118548.5)	(56.0, 128753.0)	(57.0, 137450.0)	(58.0, 143822.5)	(59.0, 147803.0)	(60.0, 148897.0)	(61.0, 147066.0)	(62.0, 142457.5)	(63.0, 134671.5)	(64.0, 123257.0)	(65.0, 109588.0)	(66.0, 95129.0)	(67.0, 80801.0)	(68.0, 67047.0)	(69.0, 53247.0)	(70.0, 40151.0)	(71.0, 29528.0)	(72.0, 21166.0)	(73.0, 14537.0)	(74.0, 9617.5)	(75.0, 6183.5)	(76.0, 3699.5)	(77.0, 2034.5)	(78.0, 1169.0)	(79.0, 665.5)	(80.0, 337.0)	(81.0, 183.0)	(82.0, 89.0)	(83.0, 51.0)	(84.0, 33.0)	(85.0, 16.0)	(86.0, 9.0)	(87.0, 3.5)	(88.0, 1.5)	(89.0, 2.0)	(90.0, 2.0)	(91.0, 1.5)	(92.0, 1.0)	(93.0, 0.5)	(94.0, 0.0)	(95.0, 0.0)	(96.0, 0.0)	(97.0, 0.5)	(98.0, 2.0)	(99.0, 4.5)	(100.0, 3.5)
DRR898365_2_paired	(0.0, 0.0)	(1.0, 0.0)	(2.0, 0.0)	(3.0, 0.0)	(4.0, 0.0)	(5.0, 0.0)	(6.0, 0.0)	(7.0, 0.0)	(8.0, 0.0)	(9.0, 0.0)	(10.0, 0.0)	(11.0, 0.0)	(12.0, 0.0)	(13.0, 0.0)	(14.0, 0.0)	(15.0, 0.0)	(16.0, 0.5)	(17.0, 2.5)	(18.0, 7.0)	(19.0, 16.5)	(20.0, 29.5)	(21.0, 47.0)	(22.0, 81.5)	(23.0, 126.0)	(24.0, 191.0)	(25.0, 290.0)	(26.0, 423.5)	(27.0, 619.5)	(28.0, 870.5)	(29.0, 1152.5)	(30.0, 1546.0)	(31.0, 2074.0)	(32.0, 2647.0)	(33.0, 3324.0)	(34.0, 4046.0)	(35.0, 5001.5)	(36.0, 6051.5)	(37.0, 7211.0)	(38.0, 8579.5)	(39.0, 10023.0)	(40.0, 11626.5)	(41.0, 13630.0)	(42.0, 16005.0)	(43.0, 18741.0)	(44.0, 22016.0)	(45.0, 25986.0)	(46.0, 31133.0)	(47.0, 36958.5)	(48.0, 43556.5)	(49.0, 52046.5)	(50.0, 61393.5)	(51.0, 71572.0)	(52.0, 83409.0)	(53.0, 95133.0)	(54.0, 106956.5)	(55.0, 118369.5)	(56.0, 128112.0)	(57.0, 136621.5)	(58.0, 143099.5)	(59.0, 147242.5)	(60.0, 148902.0)	(61.0, 147525.0)	(62.0, 143190.5)	(63.0, 135275.5)	(64.0, 123645.0)	(65.0, 109864.0)	(66.0, 95565.5)	(67.0, 81614.0)	(68.0, 67659.5)	(69.0, 53681.0)	(70.0, 40695.0)	(71.0, 29972.0)	(72.0, 21507.5)	(73.0, 14776.0)	(74.0, 9711.5)	(75.0, 6078.0)	(76.0, 3648.0)	(77.0, 2041.0)	(78.0, 1157.5)	(79.0, 671.0)	(80.0, 341.0)	(81.0, 185.5)	(82.0, 99.0)	(83.0, 56.5)	(84.0, 36.5)	(85.0, 17.5)	(86.0, 8.0)	(87.0, 5.5)	(88.0, 4.5)	(89.0, 2.5)	(90.0, 2.0)	(91.0, 1.5)	(92.0, 1.0)	(93.0, 3.0)	(94.0, 5.0)	(95.0, 7.5)	(96.0, 18.5)	(97.0, 41.5)	(98.0, 74.5)	(99.0, 486.5)	(100.0, 1670.5)
DRR898366_1_paired	(0.0, 0.0)	(1.0, 0.0)	(2.0, 0.0)	(3.0, 0.0)	(4.0, 0.0)	(5.0, 0.0)	(6.0, 0.0)	(7.0, 0.0)	(8.0, 0.0)	(9.0, 0.0)	(10.0, 0.0)	(11.0, 0.0)	(12.0, 0.0)	(13.0, 0.0)	(14.0, 0.5)	(15.0, 1.5)	(16.0, 3.5)	(17.0, 5.0)	(18.0, 8.0)	(19.0, 13.5)	(20.0, 27.5)	(21.0, 53.5)	(22.0, 84.5)	(23.0, 118.0)	(24.0, 193.5)	(25.0, 312.5)	(26.0, 478.5)	(27.0, 691.5)	(28.0, 922.5)	(29.0, 1187.0)	(30.0, 1533.0)	(31.0, 2055.0)	(32.0, 2745.5)	(33.0, 3545.5)	(34.0, 4332.5)	(35.0, 5287.5)	(36.0, 6475.0)	(37.0, 7783.0)	(38.0, 9166.5)	(39.0, 10598.5)	(40.0, 12487.0)	(41.0, 14592.5)	(42.0, 16770.5)	(43.0, 19715.0)	(44.0, 23585.0)	(45.0, 27982.5)	(46.0, 33145.0)	(47.0, 39364.5)	(48.0, 46558.5)	(49.0, 55403.5)	(50.0, 65638.0)	(51.0, 76611.5)	(52.0, 88501.5)	(53.0, 100791.5)	(54.0, 113502.5)	(55.0, 125910.5)	(56.0, 136260.5)	(57.0, 144907.0)	(58.0, 151906.5)	(59.0, 156006.5)	(60.0, 156595.5)	(61.0, 154632.5)	(62.0, 149882.5)	(63.0, 141149.5)	(64.0, 129105.5)	(65.0, 114827.0)	(66.0, 99600.5)	(67.0, 84518.5)	(68.0, 69723.5)	(69.0, 55384.5)	(70.0, 41981.0)	(71.0, 30895.5)	(72.0, 22207.0)	(73.0, 15255.5)	(74.0, 10113.0)	(75.0, 6351.0)	(76.0, 3748.5)	(77.0, 2064.0)	(78.0, 1195.5)	(79.0, 706.5)	(80.0, 375.5)	(81.0, 194.0)	(82.0, 102.5)	(83.0, 64.0)	(84.0, 35.0)	(85.0, 20.0)	(86.0, 14.0)	(87.0, 10.5)	(88.0, 7.5)	(89.0, 5.0)	(90.0, 3.0)	(91.0, 1.5)	(92.0, 1.0)	(93.0, 1.5)	(94.0, 1.5)	(95.0, 1.0)	(96.0, 0.5)	(97.0, 0.5)	(98.0, 2.0)	(99.0, 1.5)	(100.0, 0.5)
DRR898366_2_paired	(0.0, 0.0)	(1.0, 0.0)	(2.0, 0.0)	(3.0, 0.0)	(4.0, 0.0)	(5.0, 0.0)	(6.0, 0.0)	(7.0, 0.0)	(8.0, 0.0)	(9.0, 0.0)	(10.0, 0.0)	(11.0, 0.0)	(12.0, 0.0)	(13.0, 0.0)	(14.0, 0.0)	(15.0, 0.5)	(16.0, 1.5)	(17.0, 2.5)	(18.0, 7.0)	(19.0, 14.0)	(20.0, 21.0)	(21.0, 51.0)	(22.0, 87.5)	(23.0, 122.0)	(24.0, 201.5)	(25.0, 329.5)	(26.0, 487.5)	(27.0, 660.5)	(28.0, 883.0)	(29.0, 1165.5)	(30.0, 1593.0)	(31.0, 2144.0)	(32.0, 2686.5)	(33.0, 3337.0)	(34.0, 4106.0)	(35.0, 5055.5)	(36.0, 6262.0)	(37.0, 7625.5)	(38.0, 9020.5)	(39.0, 10574.0)	(40.0, 12297.0)	(41.0, 14231.5)	(42.0, 16606.5)	(43.0, 19468.5)	(44.0, 22967.0)	(45.0, 27252.5)	(46.0, 32676.0)	(47.0, 39044.5)	(48.0, 46436.5)	(49.0, 55658.5)	(50.0, 65449.0)	(51.0, 76029.0)	(52.0, 88052.5)	(53.0, 100301.5)	(54.0, 112595.5)	(55.0, 124574.0)	(56.0, 135699.0)	(57.0, 144561.0)	(58.0, 151204.5)	(59.0, 155334.5)	(60.0, 156813.0)	(61.0, 155390.0)	(62.0, 150106.5)	(63.0, 140974.5)	(64.0, 128966.5)	(65.0, 115114.0)	(66.0, 100289.0)	(67.0, 85417.5)	(68.0, 70325.0)	(69.0, 55722.5)	(70.0, 42393.5)	(71.0, 31411.0)	(72.0, 22507.0)	(73.0, 15427.0)	(74.0, 10117.0)	(75.0, 6352.0)	(76.0, 3803.0)	(77.0, 2045.5)	(78.0, 1166.0)	(79.0, 670.5)	(80.0, 345.0)	(81.0, 164.5)	(82.0, 94.0)	(83.0, 62.0)	(84.0, 36.5)	(85.0, 21.5)	(86.0, 13.0)	(87.0, 11.0)	(88.0, 7.0)	(89.0, 4.5)	(90.0, 5.0)	(91.0, 3.5)	(92.0, 2.5)	(93.0, 4.0)	(94.0, 7.0)	(95.0, 6.5)	(96.0, 13.5)	(97.0, 37.5)	(98.0, 64.5)	(99.0, 413.0)	(100.0, 1750.0)
DRR898368_1_paired	(0.0, 0.0)	(1.0, 0.0)	(2.0, 0.0)	(3.0, 0.0)	(4.0, 0.0)	(5.0, 0.0)	(6.0, 0.0)	(7.0, 0.0)	(8.0, 0.0)	(9.0, 0.0)	(10.0, 0.0)	(11.0, 0.0)	(12.0, 0.0)	(13.0, 0.0)	(14.0, 0.0)	(15.0, 0.0)	(16.0, 0.0)	(17.0, 0.5)	(18.0, 1.5)	(19.0, 3.5)	(20.0, 5.5)	(21.0, 15.0)	(22.0, 25.5)	(23.0, 33.0)	(24.0, 70.5)	(25.0, 128.0)	(26.0, 206.0)	(27.0, 316.0)	(28.0, 429.5)	(29.0, 585.5)	(30.0, 826.0)	(31.0, 1075.5)	(32.0, 1400.0)	(33.0, 1820.5)	(34.0, 2304.5)	(35.0, 2946.5)	(36.0, 3718.0)	(37.0, 4657.0)	(38.0, 5642.0)	(39.0, 6596.0)	(40.0, 7806.5)	(41.0, 9276.0)	(42.0, 10945.0)	(43.0, 13048.5)	(44.0, 15628.5)	(45.0, 18853.0)	(46.0, 22956.5)	(47.0, 27461.0)	(48.0, 32444.5)	(49.0, 38897.5)	(50.0, 46852.0)	(51.0, 55771.0)	(52.0, 65102.5)	(53.0, 74320.0)	(54.0, 83990.5)	(55.0, 93734.0)	(56.0, 102290.0)	(57.0, 109270.0)	(58.0, 114888.5)	(59.0, 118713.0)	(60.0, 119833.5)	(61.0, 118928.5)	(62.0, 115588.0)	(63.0, 108952.5)	(64.0, 100254.0)	(65.0, 89342.5)	(66.0, 77353.5)	(67.0, 65982.5)	(68.0, 54790.5)	(69.0, 43513.0)	(70.0, 33015.0)	(71.0, 24291.5)	(72.0, 17247.0)	(73.0, 11914.0)	(74.0, 7851.5)	(75.0, 4874.5)	(76.0, 2872.0)	(77.0, 1605.0)	(78.0, 933.5)	(79.0, 509.5)	(80.0, 256.0)	(81.0, 139.0)	(82.0, 66.5)	(83.0, 39.0)	(84.0, 29.5)	(85.0, 17.0)	(86.0, 8.0)	(87.0, 3.5)	(88.0, 1.0)	(89.0, 0.0)	(90.0, 0.0)	(91.0, 0.5)	(92.0, 1.0)	(93.0, 1.5)	(94.0, 1.5)	(95.0, 1.0)	(96.0, 1.0)	(97.0, 1.0)	(98.0, 3.0)	(99.0, 3.0)	(100.0, 0.5)
DRR898368_2_paired	(0.0, 0.0)	(1.0, 0.0)	(2.0, 0.0)	(3.0, 0.0)	(4.0, 0.0)	(5.0, 0.0)	(6.0, 0.0)	(7.0, 0.0)	(8.0, 0.0)	(9.0, 0.0)	(10.0, 0.0)	(11.0, 0.0)	(12.0, 0.0)	(13.0, 0.0)	(14.0, 0.0)	(15.0, 0.0)	(16.0, 0.0)	(17.0, 0.5)	(18.0, 3.5)	(19.0, 5.5)	(20.0, 7.0)	(21.0, 21.5)	(22.0, 37.5)	(23.0, 51.0)	(24.0, 74.5)	(25.0, 133.0)	(26.0, 226.0)	(27.0, 322.0)	(28.0, 462.0)	(29.0, 608.0)	(30.0, 791.0)	(31.0, 1083.5)	(32.0, 1438.0)	(33.0, 1849.0)	(34.0, 2382.0)	(35.0, 2999.0)	(36.0, 3673.0)	(37.0, 4523.0)	(38.0, 5417.5)	(39.0, 6400.0)	(40.0, 7662.0)	(41.0, 9037.5)	(42.0, 10657.0)	(43.0, 12869.0)	(44.0, 15504.5)	(45.0, 18657.5)	(46.0, 22553.0)	(47.0, 27178.0)	(48.0, 32591.5)	(49.0, 38994.0)	(50.0, 46521.5)	(51.0, 54762.5)	(52.0, 64065.5)	(53.0, 73706.5)	(54.0, 83552.5)	(55.0, 93429.0)	(56.0, 101733.5)	(57.0, 109094.5)	(58.0, 115157.0)	(59.0, 118442.5)	(60.0, 119796.0)	(61.0, 119204.0)	(62.0, 115850.0)	(63.0, 109626.0)	(64.0, 100718.5)	(65.0, 89887.5)	(66.0, 78260.0)	(67.0, 66559.5)	(68.0, 54720.5)	(69.0, 43580.5)	(70.0, 33270.0)	(71.0, 24380.0)	(72.0, 17414.0)	(73.0, 11884.0)	(74.0, 7763.5)	(75.0, 4873.5)	(76.0, 2881.0)	(77.0, 1580.5)	(78.0, 909.0)	(79.0, 544.5)	(80.0, 293.0)	(81.0, 144.0)	(82.0, 78.5)	(83.0, 50.0)	(84.0, 23.0)	(85.0, 12.0)	(86.0, 10.0)	(87.0, 5.5)	(88.0, 2.5)	(89.0, 2.0)	(90.0, 2.5)	(91.0, 2.5)	(92.0, 1.5)	(93.0, 2.5)	(94.0, 4.5)	(95.0, 4.5)	(96.0, 7.5)	(97.0, 19.0)	(98.0, 35.5)	(99.0, 233.5)	(100.0, 966.0)
DRR898372_1_paired	(0.0, 0.0)	(1.0, 0.0)	(2.0, 0.0)	(3.0, 0.0)	(4.0, 0.0)	(5.0, 0.0)	(6.0, 0.0)	(7.0, 0.0)	(8.0, 0.0)	(9.0, 0.0)	(10.0, 0.0)	(11.0, 0.0)	(12.0, 0.0)	(13.0, 0.5)	(14.0, 1.0)	(15.0, 1.0)	(16.0, 2.0)	(17.0, 2.0)	(18.0, 3.0)	(19.0, 13.0)	(20.0, 29.0)	(21.0, 56.5)	(22.0, 100.0)	(23.0, 139.0)	(24.0, 218.5)	(25.0, 335.0)	(26.0, 475.0)	(27.0, 662.5)	(28.0, 927.5)	(29.0, 1219.5)	(30.0, 1586.5)	(31.0, 2051.0)	(32.0, 2594.0)	(33.0, 3245.5)	(34.0, 3991.0)	(35.0, 4839.0)	(36.0, 5791.0)	(37.0, 6938.5)	(38.0, 8063.0)	(39.0, 9187.0)	(40.0, 10560.5)	(41.0, 12232.0)	(42.0, 14003.5)	(43.0, 16234.0)	(44.0, 19201.0)	(45.0, 22415.0)	(46.0, 26357.0)	(47.0, 30931.0)	(48.0, 36048.0)	(49.0, 42722.0)	(50.0, 50243.0)	(51.0, 57869.5)	(52.0, 66006.0)	(53.0, 74580.0)	(54.0, 83674.0)	(55.0, 92123.5)	(56.0, 99198.0)	(57.0, 104917.5)	(58.0, 109340.0)	(59.0, 111909.5)	(60.0, 112287.5)	(61.0, 110432.5)	(62.0, 106261.5)	(63.0, 100081.0)	(64.0, 91585.0)	(65.0, 81339.0)	(66.0, 70173.5)	(67.0, 59633.0)	(68.0, 49618.0)	(69.0, 39274.5)	(70.0, 29794.5)	(71.0, 21983.0)	(72.0, 15740.0)	(73.0, 10775.5)	(74.0, 7126.0)	(75.0, 4619.5)	(76.0, 2708.5)	(77.0, 1489.0)	(78.0, 904.0)	(79.0, 549.0)	(80.0, 274.5)	(81.0, 133.5)	(82.0, 78.5)	(83.0, 46.5)	(84.0, 24.5)	(85.0, 17.0)	(86.0, 12.5)	(87.0, 6.5)	(88.0, 3.0)	(89.0, 1.0)	(90.0, 1.0)	(91.0, 1.0)	(92.0, 0.5)	(93.0, 0.0)	(94.0, 1.0)	(95.0, 1.5)	(96.0, 0.5)	(97.0, 0.5)	(98.0, 4.0)	(99.0, 5.0)	(100.0, 1.5)
DRR898372_2_paired	(0.0, 0.0)	(1.0, 0.0)	(2.0, 0.0)	(3.0, 0.0)	(4.0, 0.0)	(5.0, 0.0)	(6.0, 0.0)	(7.0, 0.0)	(8.0, 0.0)	(9.0, 0.0)	(10.0, 0.0)	(11.0, 0.0)	(12.0, 0.0)	(13.0, 0.0)	(14.0, 0.5)	(15.0, 1.0)	(16.0, 2.0)	(17.0, 5.0)	(18.0, 9.5)	(19.0, 13.0)	(20.0, 22.5)	(21.0, 44.0)	(22.0, 72.5)	(23.0, 117.0)	(24.0, 222.0)	(25.0, 357.5)	(26.0, 499.5)	(27.0, 690.0)	(28.0, 906.0)	(29.0, 1158.5)	(30.0, 1485.0)	(31.0, 1971.5)	(32.0, 2560.0)	(33.0, 3146.5)	(34.0, 3840.5)	(35.0, 4687.5)	(36.0, 5619.0)	(37.0, 6677.5)	(38.0, 7734.5)	(39.0, 8846.0)	(40.0, 10232.5)	(41.0, 11770.5)	(42.0, 13560.5)	(43.0, 15818.0)	(44.0, 18429.0)	(45.0, 21569.5)	(46.0, 25467.0)	(47.0, 30037.5)	(48.0, 35468.5)	(49.0, 42225.5)	(50.0, 49299.5)	(51.0, 56765.5)	(52.0, 65451.5)	(53.0, 74122.5)	(54.0, 83004.0)	(55.0, 91223.0)	(56.0, 98415.0)	(57.0, 104784.0)	(58.0, 109543.5)	(59.0, 112078.5)	(60.0, 112366.0)	(61.0, 111084.5)	(62.0, 107552.0)	(63.0, 100995.5)	(64.0, 92463.5)	(65.0, 82457.5)	(66.0, 71420.0)	(67.0, 60663.0)	(68.0, 50099.5)	(69.0, 40091.5)	(70.0, 30686.5)	(71.0, 22361.0)	(72.0, 16067.0)	(73.0, 11165.5)	(74.0, 7278.5)	(75.0, 4616.5)	(76.0, 2705.5)	(77.0, 1466.5)	(78.0, 868.5)	(79.0, 517.5)	(80.0, 266.5)	(81.0, 135.5)	(82.0, 72.0)	(83.0, 43.0)	(84.0, 26.0)	(85.0, 14.5)	(86.0, 10.0)	(87.0, 7.0)	(88.0, 3.5)	(89.0, 1.5)	(90.0, 1.5)	(91.0, 3.0)	(92.0, 3.5)	(93.0, 4.5)	(94.0, 5.5)	(95.0, 6.0)	(96.0, 13.0)	(97.0, 26.0)	(98.0, 43.0)	(99.0, 304.0)	(100.0, 1254.0)
DRR898376_1_paired	(0.0, 0.0)	(1.0, 0.0)	(2.0, 0.0)	(3.0, 0.0)	(4.0, 0.0)	(5.0, 0.0)	(6.0, 0.0)	(7.0, 0.0)	(8.0, 0.0)	(9.0, 0.0)	(10.0, 0.5)	(11.0, 0.5)	(12.0, 0.0)	(13.0, 0.0)	(14.0, 1.0)	(15.0, 1.5)	(16.0, 2.5)	(17.0, 4.0)	(18.0, 3.0)	(19.0, 7.0)	(20.0, 10.5)	(21.0, 10.5)	(22.0, 26.0)	(23.0, 48.5)	(24.0, 70.0)	(25.0, 91.0)	(26.0, 142.0)	(27.0, 237.5)	(28.0, 348.5)	(29.0, 524.0)	(30.0, 796.0)	(31.0, 1100.0)	(32.0, 1405.0)	(33.0, 1882.5)	(34.0, 2521.0)	(35.0, 3114.5)	(36.0, 3755.0)	(37.0, 4575.0)	(38.0, 5430.5)	(39.0, 6121.5)	(40.0, 6996.5)	(41.0, 8276.0)	(42.0, 9596.0)	(43.0, 11188.0)	(44.0, 13157.5)	(45.0, 15207.0)	(46.0, 17557.5)	(47.0, 20603.0)	(48.0, 23928.5)	(49.0, 27632.5)	(50.0, 32057.0)	(51.0, 36614.0)	(52.0, 41956.5)	(53.0, 47581.0)	(54.0, 52877.5)	(55.0, 58341.5)	(56.0, 63010.5)	(57.0, 66704.5)	(58.0, 69688.0)	(59.0, 70963.0)	(60.0, 70229.5)	(61.0, 68370.5)	(62.0, 64637.5)	(63.0, 59913.5)	(64.0, 54915.0)	(65.0, 48766.0)	(66.0, 42004.0)	(67.0, 35007.0)	(68.0, 28389.0)	(69.0, 22636.0)	(70.0, 17295.5)	(71.0, 12528.5)	(72.0, 8806.0)	(73.0, 6031.5)	(74.0, 3997.0)	(75.0, 2424.5)	(76.0, 1434.0)	(77.0, 844.5)	(78.0, 488.0)	(79.0, 260.5)	(80.0, 121.5)	(81.0, 65.5)	(82.0, 31.0)	(83.0, 12.5)	(84.0, 5.0)	(85.0, 3.5)	(86.0, 4.0)	(87.0, 2.5)	(88.0, 1.5)	(89.0, 1.0)	(90.0, 1.5)	(91.0, 1.5)	(92.0, 0.5)	(93.0, 0.0)	(94.0, 0.0)	(95.0, 0.0)	(96.0, 0.5)	(97.0, 2.5)	(98.0, 8.0)	(99.0, 6.5)	(100.0, 0.5)
DRR898376_2_paired	(0.0, 0.0)	(1.0, 0.5)	(2.0, 1.0)	(3.0, 1.0)	(4.0, 0.5)	(5.0, 0.0)	(6.0, 0.0)	(7.0, 0.0)	(8.0, 0.0)	(9.0, 0.0)	(10.0, 0.0)	(11.0, 0.0)	(12.0, 0.5)	(13.0, 1.0)	(14.0, 1.5)	(15.0, 1.0)	(16.0, 3.0)	(17.0, 5.0)	(18.0, 3.0)	(19.0, 5.0)	(20.0, 9.0)	(21.0, 16.5)	(22.0, 27.5)	(23.0, 50.5)	(24.0, 84.0)	(25.0, 111.0)	(26.0, 172.5)	(27.0, 254.0)	(28.0, 369.0)	(29.0, 561.0)	(30.0, 762.5)	(31.0, 1026.0)	(32.0, 1372.0)	(33.0, 1813.0)	(34.0, 2404.0)	(35.0, 3033.0)	(36.0, 3752.5)	(37.0, 4470.0)	(38.0, 5119.5)	(39.0, 5840.5)	(40.0, 6792.5)	(41.0, 8000.5)	(42.0, 9388.5)	(43.0, 10962.0)	(44.0, 12717.5)	(45.0, 14568.0)	(46.0, 16956.0)	(47.0, 20211.0)	(48.0, 23551.5)	(49.0, 27576.0)	(50.0, 31923.0)	(51.0, 36144.0)	(52.0, 41415.0)	(53.0, 47063.5)	(54.0, 52234.5)	(55.0, 57832.0)	(56.0, 62756.0)	(57.0, 66371.0)	(58.0, 68959.5)	(59.0, 70043.0)	(60.0, 70147.5)	(61.0, 68534.5)	(62.0, 65288.5)	(63.0, 61105.0)	(64.0, 55714.0)	(65.0, 49581.5)	(66.0, 42798.5)	(67.0, 35767.0)	(68.0, 29065.5)	(69.0, 22919.5)	(70.0, 17533.5)	(71.0, 12826.5)	(72.0, 9113.5)	(73.0, 6248.5)	(74.0, 4013.5)	(75.0, 2497.5)	(76.0, 1553.5)	(77.0, 884.5)	(78.0, 524.5)	(79.0, 311.0)	(80.0, 161.5)	(81.0, 84.5)	(82.0, 48.5)	(83.0, 32.5)	(84.0, 22.5)	(85.0, 17.0)	(86.0, 18.5)	(87.0, 16.0)	(88.0, 13.5)	(89.0, 16.5)	(90.0, 16.0)	(91.0, 17.5)	(92.0, 22.5)	(93.0, 27.5)	(94.0, 30.0)	(95.0, 35.5)	(96.0, 57.5)	(97.0, 102.5)	(98.0, 154.5)	(99.0, 370.5)	(100.0, 1297.0)
DRR898377_1_paired	(0.0, 0.0)	(1.0, 0.0)	(2.0, 0.0)	(3.0, 0.0)	(4.0, 0.0)	(5.0, 0.0)	(6.0, 0.0)	(7.0, 0.0)	(8.0, 0.0)	(9.0, 0.0)	(10.0, 0.5)	(11.0, 0.5)	(12.0, 0.0)	(13.0, 0.0)	(14.0, 0.5)	(15.0, 0.5)	(16.0, 0.5)	(17.0, 1.0)	(18.0, 4.0)	(19.0, 5.0)	(20.0, 5.0)	(21.0, 10.5)	(22.0, 16.5)	(23.0, 31.0)	(24.0, 52.5)	(25.0, 82.0)	(26.0, 134.0)	(27.0, 204.5)	(28.0, 294.5)	(29.0, 423.5)	(30.0, 638.5)	(31.0, 913.5)	(32.0, 1225.5)	(33.0, 1622.5)	(34.0, 2094.5)	(35.0, 2655.5)	(36.0, 3331.5)	(37.0, 4050.5)	(38.0, 4734.0)	(39.0, 5530.5)	(40.0, 6652.0)	(41.0, 7888.0)	(42.0, 9180.5)	(43.0, 10762.0)	(44.0, 12889.0)	(45.0, 15242.5)	(46.0, 17827.0)	(47.0, 21031.5)	(48.0, 24990.0)	(49.0, 29697.5)	(50.0, 34882.5)	(51.0, 40345.5)	(52.0, 47064.5)	(53.0, 54575.0)	(54.0, 61575.5)	(55.0, 69233.0)	(56.0, 76101.0)	(57.0, 81557.0)	(58.0, 85725.0)	(59.0, 87508.5)	(60.0, 87853.5)	(61.0, 86455.0)	(62.0, 82892.5)	(63.0, 77903.5)	(64.0, 71257.0)	(65.0, 63123.0)	(66.0, 54764.0)	(67.0, 46098.5)	(68.0, 37237.0)	(69.0, 29421.5)	(70.0, 22331.0)	(71.0, 16044.0)	(72.0, 11332.0)	(73.0, 7797.5)	(74.0, 5126.0)	(75.0, 3191.0)	(76.0, 1860.0)	(77.0, 1080.0)	(78.0, 655.0)	(79.0, 375.5)	(80.0, 189.0)	(81.0, 81.5)	(82.0, 38.5)	(83.0, 18.5)	(84.0, 10.5)	(85.0, 7.0)	(86.0, 4.0)	(87.0, 2.5)	(88.0, 1.5)	(89.0, 0.0)	(90.0, 0.0)	(91.0, 0.5)	(92.0, 1.0)	(93.0, 2.0)	(94.0, 2.5)	(95.0, 1.0)	(96.0, 0.5)	(97.0, 1.5)	(98.0, 4.5)	(99.0, 6.5)	(100.0, 4.0)
DRR898377_2_paired	(0.0, 1.0)	(1.0, 0.5)	(2.0, 0.0)	(3.0, 0.0)	(4.0, 0.0)	(5.0, 0.0)	(6.0, 0.0)	(7.0, 0.0)	(8.0, 0.0)	(9.0, 0.0)	(10.0, 0.0)	(11.0, 0.0)	(12.0, 0.0)	(13.0, 0.5)	(14.0, 1.0)	(15.0, 1.5)	(16.0, 2.5)	(17.0, 3.5)	(18.0, 5.0)	(19.0, 9.0)	(20.0, 8.5)	(21.0, 14.0)	(22.0, 26.5)	(23.0, 43.0)	(24.0, 62.0)	(25.0, 106.5)	(26.0, 159.5)	(27.0, 213.0)	(28.0, 313.0)	(29.0, 470.5)	(30.0, 658.5)	(31.0, 894.0)	(32.0, 1244.5)	(33.0, 1628.5)	(34.0, 2052.5)	(35.0, 2582.0)	(36.0, 3255.0)	(37.0, 3928.5)	(38.0, 4563.0)	(39.0, 5387.0)	(40.0, 6456.5)	(41.0, 7755.5)	(42.0, 9106.0)	(43.0, 10709.5)	(44.0, 12664.5)	(45.0, 14920.0)	(46.0, 17807.5)	(47.0, 21061.0)	(48.0, 24725.0)	(49.0, 29458.0)	(50.0, 34792.0)	(51.0, 40267.0)	(52.0, 47039.5)	(53.0, 54247.0)	(54.0, 61231.5)	(55.0, 68884.0)	(56.0, 75828.0)	(57.0, 81339.5)	(58.0, 85455.0)	(59.0, 87709.0)	(60.0, 88213.5)	(61.0, 86658.5)	(62.0, 83066.0)	(63.0, 78129.5)	(64.0, 71255.5)	(65.0, 62981.5)	(66.0, 54484.5)	(67.0, 46034.0)	(68.0, 37567.5)	(69.0, 29383.5)	(70.0, 22261.0)	(71.0, 16275.5)	(72.0, 11474.5)	(73.0, 7849.5)	(74.0, 5104.0)	(75.0, 3113.5)	(76.0, 1854.5)	(77.0, 1093.5)	(78.0, 640.0)	(79.0, 366.5)	(80.0, 200.5)	(81.0, 93.5)	(82.0, 51.5)	(83.0, 35.0)	(84.0, 27.0)	(85.0, 18.0)	(86.0, 15.5)	(87.0, 17.5)	(88.0, 15.5)	(89.0, 15.0)	(90.0, 18.0)	(91.0, 21.5)	(92.0, 24.5)	(93.0, 33.5)	(94.0, 47.5)	(95.0, 56.0)	(96.0, 79.5)	(97.0, 147.5)	(98.0, 227.5)	(99.0, 546.0)	(100.0, 1805.0)
DRR898379_1_paired	(0.0, 0.0)	(1.0, 0.0)	(2.0, 0.0)	(3.0, 0.0)	(4.0, 0.0)	(5.0, 0.0)	(6.0, 0.0)	(7.0, 0.0)	(8.0, 0.0)	(9.0, 0.0)	(10.0, 0.0)	(11.0, 0.0)	(12.0, 0.0)	(13.0, 0.0)	(14.0, 0.5)	(15.0, 2.0)	(16.0, 1.5)	(17.0, 1.0)	(18.0, 2.5)	(19.0, 9.5)	(20.0, 26.0)	(21.0, 56.5)	(22.0, 93.5)	(23.0, 146.0)	(24.0, 275.0)	(25.0, 433.5)	(26.0, 633.0)	(27.0, 908.5)	(28.0, 1251.5)	(29.0, 1734.5)	(30.0, 2338.0)	(31.0, 3137.0)	(32.0, 4148.0)	(33.0, 5189.5)	(34.0, 6309.5)	(35.0, 7849.5)	(36.0, 9665.0)	(37.0, 11738.0)	(38.0, 13947.0)	(39.0, 16062.0)	(40.0, 18661.5)	(41.0, 21636.0)	(42.0, 24869.5)	(43.0, 28998.5)	(44.0, 34171.5)	(45.0, 40522.0)	(46.0, 48122.0)	(47.0, 56491.5)	(48.0, 66393.5)	(49.0, 78529.5)	(50.0, 91762.0)	(51.0, 105815.0)	(52.0, 121208.5)	(53.0, 137028.0)	(54.0, 152957.0)	(55.0, 167913.5)	(56.0, 180133.5)	(57.0, 189979.0)	(58.0, 197740.5)	(59.0, 201712.0)	(60.0, 201675.0)	(61.0, 199271.5)	(62.0, 192468.5)	(63.0, 180096.5)	(64.0, 164159.0)	(65.0, 145739.5)	(66.0, 126623.5)	(67.0, 107549.5)	(68.0, 88595.0)	(69.0, 70159.5)	(70.0, 53113.0)	(71.0, 39225.5)	(72.0, 28146.0)	(73.0, 19236.5)	(74.0, 12537.5)	(75.0, 7882.5)	(76.0, 4679.0)	(77.0, 2547.5)	(78.0, 1473.0)	(79.0, 879.5)	(80.0, 465.0)	(81.0, 245.5)	(82.0, 128.0)	(83.0, 75.0)	(84.0, 43.0)	(85.0, 19.0)	(86.0, 8.5)	(87.0, 7.0)	(88.0, 3.0)	(89.0, 2.0)	(90.0, 2.0)	(91.0, 1.0)	(92.0, 2.0)	(93.0, 2.5)	(94.0, 3.0)	(95.0, 5.0)	(96.0, 5.5)	(97.0, 4.5)	(98.0, 6.0)	(99.0, 4.0)	(100.0, 0.5)
DRR898379_2_paired	(0.0, 0.0)	(1.0, 0.0)	(2.0, 0.0)	(3.0, 0.0)	(4.0, 0.0)	(5.0, 0.0)	(6.0, 0.0)	(7.0, 0.0)	(8.0, 0.0)	(9.0, 0.0)	(10.0, 0.0)	(11.0, 0.0)	(12.0, 0.5)	(13.0, 0.5)	(14.0, 1.0)	(15.0, 1.0)	(16.0, 1.0)	(17.0, 2.5)	(18.0, 6.0)	(19.0, 11.5)	(20.0, 27.5)	(21.0, 56.0)	(22.0, 99.0)	(23.0, 155.5)	(24.0, 262.0)	(25.0, 426.5)	(26.0, 600.5)	(27.0, 894.5)	(28.0, 1277.0)	(29.0, 1692.5)	(30.0, 2320.5)	(31.0, 3165.0)	(32.0, 4012.0)	(33.0, 5081.0)	(34.0, 6413.0)	(35.0, 7848.5)	(36.0, 9611.0)	(37.0, 11635.0)	(38.0, 13722.0)	(39.0, 16067.0)	(40.0, 18628.5)	(41.0, 21427.0)	(42.0, 24703.5)	(43.0, 29051.5)	(44.0, 34645.0)	(45.0, 40589.0)	(46.0, 47815.5)	(47.0, 56474.5)	(48.0, 66387.0)	(49.0, 78486.0)	(50.0, 91634.0)	(51.0, 105858.5)	(52.0, 121727.5)	(53.0, 137111.5)	(54.0, 152508.0)	(55.0, 167309.0)	(56.0, 179831.5)	(57.0, 190574.0)	(58.0, 198306.5)	(59.0, 202379.5)	(60.0, 202480.0)	(61.0, 198913.5)	(62.0, 191228.5)	(63.0, 178834.5)	(64.0, 163291.0)	(65.0, 144830.5)	(66.0, 124958.5)	(67.0, 105690.0)	(68.0, 87342.5)	(69.0, 69021.5)	(70.0, 51977.0)	(71.0, 38430.5)	(72.0, 27383.5)	(73.0, 18625.0)	(74.0, 12254.0)	(75.0, 7828.5)	(76.0, 4615.5)	(77.0, 2501.0)	(78.0, 1473.0)	(79.0, 881.5)	(80.0, 487.0)	(81.0, 264.0)	(82.0, 138.5)	(83.0, 87.5)	(84.0, 69.5)	(85.0, 64.5)	(86.0, 55.0)	(87.0, 44.0)	(88.0, 41.0)	(89.0, 42.5)	(90.0, 47.5)	(91.0, 61.0)	(92.0, 80.5)	(93.0, 96.5)	(94.0, 112.5)	(95.0, 146.5)	(96.0, 228.0)	(97.0, 358.5)	(98.0, 535.0)	(99.0, 1893.5)	(100.0, 8484.0)
DRR898407_1_paired	(0.0, 0.0)	(1.0, 0.0)	(2.0, 0.0)	(3.0, 0.0)	(4.0, 0.0)	(5.0, 0.0)	(6.0, 0.0)	(7.0, 0.0)	(8.0, 0.0)	(9.0, 0.0)	(10.0, 0.0)	(11.0, 0.0)	(12.0, 0.0)	(13.0, 0.0)	(14.0, 0.5)	(15.0, 0.5)	(16.0, 0.0)	(17.0, 0.5)	(18.0, 2.5)	(19.0, 5.0)	(20.0, 6.0)	(21.0, 15.0)	(22.0, 30.0)	(23.0, 56.0)	(24.0, 95.0)	(25.0, 131.5)	(26.0, 204.5)	(27.0, 330.0)	(28.0, 487.0)	(29.0, 698.0)	(30.0, 1005.5)	(31.0, 1356.5)	(32.0, 1775.5)	(33.0, 2314.5)	(34.0, 2943.0)	(35.0, 3635.0)	(36.0, 4362.0)	(37.0, 5323.5)	(38.0, 6426.0)	(39.0, 7546.5)	(40.0, 8958.0)	(41.0, 10560.0)	(42.0, 12304.5)	(43.0, 14456.5)	(44.0, 17087.5)	(45.0, 19892.0)	(46.0, 23156.0)	(47.0, 27243.5)	(48.0, 31633.0)	(49.0, 37085.0)	(50.0, 43530.5)	(51.0, 50554.0)	(52.0, 58314.5)	(53.0, 66617.5)	(54.0, 75211.5)	(55.0, 83663.5)	(56.0, 91345.5)	(57.0, 97402.5)	(58.0, 101794.0)	(59.0, 104254.0)	(60.0, 104686.5)	(61.0, 102786.5)	(62.0, 98859.0)	(63.0, 92893.0)	(64.0, 84787.0)	(65.0, 75395.5)	(66.0, 65450.0)	(67.0, 55668.0)	(68.0, 45782.0)	(69.0, 36162.5)	(70.0, 27487.0)	(71.0, 19979.0)	(72.0, 14204.5)	(73.0, 9890.0)	(74.0, 6554.5)	(75.0, 4160.5)	(76.0, 2501.5)	(77.0, 1458.0)	(78.0, 874.0)	(79.0, 498.5)	(80.0, 282.5)	(81.0, 165.5)	(82.0, 96.0)	(83.0, 53.5)	(84.0, 28.5)	(85.0, 18.0)	(86.0, 5.0)	(87.0, 2.0)	(88.0, 2.5)	(89.0, 2.0)	(90.0, 1.0)	(91.0, 2.0)	(92.0, 2.0)	(93.0, 0.5)	(94.0, 0.5)	(95.0, 0.5)	(96.0, 1.0)	(97.0, 4.0)	(98.0, 9.0)	(99.0, 9.0)	(100.0, 3.5)
DRR898407_2_paired	(0.0, 0.0)	(1.0, 0.0)	(2.0, 0.0)	(3.0, 0.0)	(4.0, 0.0)	(5.0, 0.0)	(6.0, 0.5)	(7.0, 1.0)	(8.0, 0.5)	(9.0, 0.0)	(10.0, 0.0)	(11.0, 0.0)	(12.0, 0.0)	(13.0, 0.0)	(14.0, 0.0)	(15.0, 0.0)	(16.0, 0.5)	(17.0, 2.5)	(18.0, 6.0)	(19.0, 9.5)	(20.0, 16.0)	(21.0, 25.0)	(22.0, 35.5)	(23.0, 64.0)	(24.0, 108.5)	(25.0, 156.0)	(26.0, 246.0)	(27.0, 363.0)	(28.0, 517.5)	(29.0, 725.5)	(30.0, 1005.5)	(31.0, 1383.0)	(32.0, 1830.0)	(33.0, 2354.5)	(34.0, 2912.0)	(35.0, 3492.5)	(36.0, 4315.0)	(37.0, 5250.5)	(38.0, 6267.5)	(39.0, 7545.0)	(40.0, 8841.5)	(41.0, 10371.0)	(42.0, 12133.5)	(43.0, 14086.5)	(44.0, 16852.0)	(45.0, 19801.5)	(46.0, 22825.5)	(47.0, 26783.5)	(48.0, 31647.5)	(49.0, 37387.5)	(50.0, 43623.0)	(51.0, 50189.5)	(52.0, 57900.0)	(53.0, 66437.5)	(54.0, 75099.0)	(55.0, 83561.0)	(56.0, 91075.5)	(57.0, 97517.0)	(58.0, 102380.0)	(59.0, 104658.0)	(60.0, 104526.5)	(61.0, 102620.5)	(62.0, 98690.0)	(63.0, 92554.5)	(64.0, 84837.0)	(65.0, 75759.0)	(66.0, 65359.5)	(67.0, 55184.5)	(68.0, 45311.0)	(69.0, 36019.0)	(70.0, 27585.0)	(71.0, 19954.0)	(72.0, 14396.5)	(73.0, 10089.0)	(74.0, 6531.0)	(75.0, 4044.0)	(76.0, 2402.0)	(77.0, 1405.5)	(78.0, 841.0)	(79.0, 493.5)	(80.0, 268.0)	(81.0, 150.5)	(82.0, 97.0)	(83.0, 72.0)	(84.0, 50.5)	(85.0, 33.5)	(86.0, 21.5)	(87.0, 24.0)	(88.0, 25.5)	(89.0, 24.5)	(90.0, 25.0)	(91.0, 29.5)	(92.0, 37.5)	(93.0, 44.0)	(94.0, 52.5)	(95.0, 63.0)	(96.0, 101.5)	(97.0, 173.0)	(98.0, 244.0)	(99.0, 622.0)	(100.0, 2028.5)
DRR898409_1_paired	(0.0, 0.0)	(1.0, 0.0)	(2.0, 0.0)	(3.0, 0.0)	(4.0, 0.0)	(5.0, 0.0)	(6.0, 0.0)	(7.0, 0.0)	(8.0, 0.0)	(9.0, 0.0)	(10.0, 0.0)	(11.0, 0.0)	(12.0, 0.0)	(13.0, 0.0)	(14.0, 0.5)	(15.0, 2.5)	(16.0, 4.0)	(17.0, 11.5)	(18.0, 27.0)	(19.0, 50.0)	(20.0, 83.5)	(21.0, 124.0)	(22.0, 170.5)	(23.0, 273.5)	(24.0, 441.5)	(25.0, 665.5)	(26.0, 970.5)	(27.0, 1345.5)	(28.0, 1805.0)	(29.0, 2402.0)	(30.0, 3138.0)	(31.0, 3996.5)	(32.0, 5071.5)	(33.0, 6156.0)	(34.0, 7188.5)	(35.0, 8420.0)	(36.0, 9911.5)	(37.0, 11687.0)	(38.0, 13503.5)	(39.0, 15478.5)	(40.0, 17001.0)	(41.0, 18733.5)	(42.0, 21042.5)	(43.0, 23838.5)	(44.0, 27536.5)	(45.0, 30783.0)	(46.0, 34558.0)	(47.0, 39783.0)	(48.0, 45209.5)	(49.0, 50898.0)	(50.0, 57171.5)	(51.0, 63535.5)	(52.0, 71309.5)	(53.0, 79840.0)	(54.0, 87948.5)	(55.0, 95970.5)	(56.0, 102861.5)	(57.0, 107832.0)	(58.0, 110602.0)	(59.0, 112316.5)	(60.0, 112027.5)	(61.0, 108892.0)	(62.0, 103448.0)	(63.0, 96174.5)	(64.0, 87140.5)	(65.0, 76744.5)	(66.0, 66266.5)	(67.0, 55940.5)	(68.0, 45973.5)	(69.0, 36358.0)	(70.0, 27494.5)	(71.0, 19887.5)	(72.0, 14142.0)	(73.0, 10020.0)	(74.0, 6755.0)	(75.0, 4317.5)	(76.0, 2713.0)	(77.0, 1624.5)	(78.0, 940.5)	(79.0, 539.5)	(80.0, 297.0)	(81.0, 182.5)	(82.0, 109.5)	(83.0, 59.0)	(84.0, 34.0)	(85.0, 25.0)	(86.0, 18.5)	(87.0, 11.0)	(88.0, 5.0)	(89.0, 5.0)	(90.0, 6.0)	(91.0, 4.0)	(92.0, 3.0)	(93.0, 5.0)	(94.0, 6.0)	(95.0, 5.0)	(96.0, 5.5)	(97.0, 6.5)	(98.0, 8.0)	(99.0, 8.5)	(100.0, 4.5)
DRR898409_2_paired	(0.0, 0.0)	(1.0, 0.0)	(2.0, 0.0)	(3.0, 0.5)	(4.0, 1.0)	(5.0, 0.5)	(6.0, 0.0)	(7.0, 0.0)	(8.0, 0.0)	(9.0, 0.0)	(10.0, 0.0)	(11.0, 0.0)	(12.0, 0.0)	(13.0, 0.0)	(14.0, 0.0)	(15.0, 1.5)	(16.0, 3.0)	(17.0, 8.0)	(18.0, 25.0)	(19.0, 53.0)	(20.0, 83.0)	(21.0, 124.5)	(22.0, 159.5)	(23.0, 254.0)	(24.0, 411.5)	(25.0, 609.0)	(26.0, 883.0)	(27.0, 1266.5)	(28.0, 1781.5)	(29.0, 2295.0)	(30.0, 3024.5)	(31.0, 3897.0)	(32.0, 4868.0)	(33.0, 5984.5)	(34.0, 7047.5)	(35.0, 8291.0)	(36.0, 9636.0)	(37.0, 11411.0)	(38.0, 13379.5)	(39.0, 15128.5)	(40.0, 16728.0)	(41.0, 18625.5)	(42.0, 21023.5)	(43.0, 23821.0)	(44.0, 27287.5)	(45.0, 30552.5)	(46.0, 34187.5)	(47.0, 39373.0)	(48.0, 44789.5)	(49.0, 50444.5)	(50.0, 57219.0)	(51.0, 63713.5)	(52.0, 70696.5)	(53.0, 78836.5)	(54.0, 87269.0)	(55.0, 95540.5)	(56.0, 102592.5)	(57.0, 107749.5)	(58.0, 110747.0)	(59.0, 111864.0)	(60.0, 111530.5)	(61.0, 109201.5)	(62.0, 103900.0)	(63.0, 96618.0)	(64.0, 87750.0)	(65.0, 77088.0)	(66.0, 66346.5)	(67.0, 56213.0)	(68.0, 46114.0)	(69.0, 36453.0)	(70.0, 27533.5)	(71.0, 19975.5)	(72.0, 14381.0)	(73.0, 10095.5)	(74.0, 6731.5)	(75.0, 4318.0)	(76.0, 2682.5)	(77.0, 1585.0)	(78.0, 941.5)	(79.0, 562.5)	(80.0, 318.0)	(81.0, 195.0)	(82.0, 134.5)	(83.0, 85.5)	(84.0, 48.5)	(85.0, 31.5)	(86.0, 21.5)	(87.0, 20.5)	(88.0, 24.5)	(89.0, 26.5)	(90.0, 25.0)	(91.0, 23.0)	(92.0, 21.5)	(93.0, 31.0)	(94.0, 49.0)	(95.0, 66.0)	(96.0, 103.5)	(97.0, 155.5)	(98.0, 216.5)	(99.0, 651.0)	(100.0, 2908.5)
DRR898410_1_paired	(0.0, 0.0)	(1.0, 0.0)	(2.0, 0.0)	(3.0, 0.0)	(4.0, 0.0)	(5.0, 0.0)	(6.0, 0.0)	(7.0, 0.0)	(8.0, 0.0)	(9.0, 0.0)	(10.0, 0.0)	(11.0, 0.0)	(12.0, 0.0)	(13.0, 0.5)	(14.0, 1.5)	(15.0, 2.0)	(16.0, 3.0)	(17.0, 9.0)	(18.0, 17.0)	(19.0, 25.5)	(20.0, 56.5)	(21.0, 108.5)	(22.0, 148.5)	(23.0, 209.0)	(24.0, 329.0)	(25.0, 513.0)	(26.0, 820.0)	(27.0, 1170.5)	(28.0, 1613.0)	(29.0, 2238.0)	(30.0, 3056.5)	(31.0, 4025.5)	(32.0, 5094.0)	(33.0, 6322.0)	(34.0, 7743.0)	(35.0, 9471.5)	(36.0, 11440.0)	(37.0, 13594.5)	(38.0, 15800.0)	(39.0, 18240.5)	(40.0, 21121.5)	(41.0, 25002.0)	(42.0, 29367.0)	(43.0, 34295.5)	(44.0, 40235.0)	(45.0, 46917.5)	(46.0, 54577.5)	(47.0, 63774.0)	(48.0, 75074.5)	(49.0, 87208.0)	(50.0, 100091.0)	(51.0, 115324.0)	(52.0, 132407.5)	(53.0, 149010.0)	(54.0, 165221.0)	(55.0, 181924.0)	(56.0, 197734.0)	(57.0, 211253.5)	(58.0, 221926.0)	(59.0, 227800.0)	(60.0, 229911.5)	(61.0, 227126.5)	(62.0, 218887.5)	(63.0, 207938.5)	(64.0, 192318.0)	(65.0, 172410.5)	(66.0, 150067.5)	(67.0, 127677.0)	(68.0, 106234.0)	(69.0, 85664.0)	(70.0, 66180.5)	(71.0, 48355.0)	(72.0, 34807.5)	(73.0, 24702.0)	(74.0, 16409.0)	(75.0, 10626.5)	(76.0, 6639.0)	(77.0, 3889.0)	(78.0, 2453.5)	(79.0, 1502.0)	(80.0, 811.5)	(81.0, 437.5)	(82.0, 237.5)	(83.0, 94.0)	(84.0, 40.0)	(85.0, 23.0)	(86.0, 15.0)	(87.0, 8.0)	(88.0, 4.5)	(89.0, 2.5)	(90.0, 2.5)	(91.0, 4.5)	(92.0, 4.5)	(93.0, 3.0)	(94.0, 3.0)	(95.0, 3.5)	(96.0, 6.0)	(97.0, 7.5)	(98.0, 6.0)	(99.0, 3.5)	(100.0, 1.0)
DRR898410_2_paired	(0.0, 1.0)	(1.0, 0.5)	(2.0, 0.0)	(3.0, 0.0)	(4.0, 0.0)	(5.0, 0.0)	(6.0, 0.0)	(7.0, 0.0)	(8.0, 0.0)	(9.0, 0.0)	(10.0, 0.0)	(11.0, 0.0)	(12.0, 0.0)	(13.0, 0.5)	(14.0, 1.5)	(15.0, 2.5)	(16.0, 2.5)	(17.0, 4.5)	(18.0, 11.0)	(19.0, 17.5)	(20.0, 39.5)	(21.0, 88.0)	(22.0, 135.5)	(23.0, 199.0)	(24.0, 297.5)	(25.0, 492.0)	(26.0, 801.0)	(27.0, 1166.0)	(28.0, 1664.0)	(29.0, 2291.0)	(30.0, 3103.5)	(31.0, 4043.0)	(32.0, 5196.5)	(33.0, 6500.0)	(34.0, 7842.5)	(35.0, 9405.5)	(36.0, 11220.0)	(37.0, 13381.5)	(38.0, 15832.0)	(39.0, 18468.0)	(40.0, 21301.5)	(41.0, 25096.5)	(42.0, 29647.5)	(43.0, 34528.5)	(44.0, 40232.5)	(45.0, 46972.5)	(46.0, 54926.5)	(47.0, 64375.5)	(48.0, 74986.0)	(49.0, 87336.5)	(50.0, 100995.5)	(51.0, 115252.0)	(52.0, 132497.5)	(53.0, 149413.5)	(54.0, 165130.5)	(55.0, 182206.5)	(56.0, 198032.5)	(57.0, 211166.0)	(58.0, 221433.5)	(59.0, 227207.5)	(60.0, 229118.0)	(61.0, 226201.0)	(62.0, 217501.0)	(63.0, 206196.5)	(64.0, 190269.5)	(65.0, 170198.5)	(66.0, 147946.5)	(67.0, 125823.0)	(68.0, 104523.5)	(69.0, 83841.0)	(70.0, 64637.5)	(71.0, 47374.5)	(72.0, 34038.5)	(73.0, 23953.5)	(74.0, 16136.0)	(75.0, 10424.5)	(76.0, 6499.5)	(77.0, 3811.0)	(78.0, 2372.0)	(79.0, 1431.5)	(80.0, 785.5)	(81.0, 466.0)	(82.0, 272.5)	(83.0, 139.0)	(84.0, 79.5)	(85.0, 65.5)	(86.0, 58.0)	(87.0, 58.0)	(88.0, 59.5)	(89.0, 62.0)	(90.0, 74.0)	(91.0, 87.5)	(92.0, 91.0)	(93.0, 100.0)	(94.0, 156.0)	(95.0, 223.0)	(96.0, 367.5)	(97.0, 631.5)	(98.0, 924.5)	(99.0, 2905.5)	(100.0, 13247.0)
DRR898411_1_paired	(0.0, 0.0)	(1.0, 0.0)	(2.0, 0.0)	(3.0, 0.0)	(4.0, 0.0)	(5.0, 0.0)	(6.0, 0.0)	(7.0, 0.0)	(8.0, 0.0)	(9.0, 0.0)	(10.0, 0.0)	(11.0, 0.0)	(12.0, 0.0)	(13.0, 0.0)	(14.0, 0.5)	(15.0, 1.0)	(16.0, 1.0)	(17.0, 1.0)	(18.0, 1.5)	(19.0, 6.0)	(20.0, 11.5)	(21.0, 14.0)	(22.0, 18.0)	(23.0, 31.5)	(24.0, 65.5)	(25.0, 105.5)	(26.0, 138.5)	(27.0, 211.5)	(28.0, 329.5)	(29.0, 445.5)	(30.0, 588.5)	(31.0, 842.0)	(32.0, 1122.5)	(33.0, 1329.5)	(34.0, 1586.5)	(35.0, 1953.5)	(36.0, 2339.5)	(37.0, 2871.5)	(38.0, 3514.0)	(39.0, 4156.0)	(40.0, 4883.0)	(41.0, 5793.5)	(42.0, 6931.5)	(43.0, 8319.0)	(44.0, 9769.5)	(45.0, 11405.0)	(46.0, 13470.5)	(47.0, 15840.5)	(48.0, 18716.5)	(49.0, 22084.0)	(50.0, 25491.5)	(51.0, 29372.5)	(52.0, 34016.5)	(53.0, 38194.0)	(54.0, 42346.5)	(55.0, 46858.5)	(56.0, 50596.5)	(57.0, 53422.5)	(58.0, 55240.0)	(59.0, 56464.5)	(60.0, 56559.0)	(61.0, 55438.5)	(62.0, 53722.0)	(63.0, 50939.5)	(64.0, 46524.0)	(65.0, 41439.5)	(66.0, 36454.5)	(67.0, 31197.5)	(68.0, 25902.5)	(69.0, 20844.5)	(70.0, 16163.0)	(71.0, 11965.0)	(72.0, 8624.5)	(73.0, 6090.5)	(74.0, 4162.0)	(75.0, 2672.0)	(76.0, 1605.5)	(77.0, 905.0)	(78.0, 532.5)	(79.0, 313.5)	(80.0, 162.0)	(81.0, 96.0)	(82.0, 50.0)	(83.0, 23.0)	(84.0, 12.5)	(85.0, 10.0)	(86.0, 5.0)	(87.0, 1.0)	(88.0, 0.0)	(89.0, 0.0)	(90.0, 0.0)	(91.0, 0.0)	(92.0, 0.0)	(93.0, 0.0)	(94.0, 0.0)	(95.0, 0.0)	(96.0, 0.0)	(97.0, 0.0)	(98.0, 0.0)	(99.0, 0.0)	(100.0, 0.5)
DRR898411_2_paired	(0.0, 0.0)	(1.0, 0.0)	(2.0, 0.0)	(3.0, 0.0)	(4.0, 0.0)	(5.0, 0.0)	(6.0, 0.0)	(7.0, 0.0)	(8.0, 0.5)	(9.0, 0.5)	(10.0, 0.0)	(11.0, 0.0)	(12.0, 0.0)	(13.0, 0.0)	(14.0, 1.0)	(15.0, 2.0)	(16.0, 1.5)	(17.0, 3.5)	(18.0, 4.5)	(19.0, 3.5)	(20.0, 16.0)	(21.0, 26.5)	(22.0, 27.0)	(23.0, 41.0)	(24.0, 74.5)	(25.0, 121.5)	(26.0, 193.0)	(27.0, 269.0)	(28.0, 360.0)	(29.0, 534.5)	(30.0, 736.0)	(31.0, 913.0)	(32.0, 1119.0)	(33.0, 1420.0)	(34.0, 1822.0)	(35.0, 2217.0)	(36.0, 2627.0)	(37.0, 3105.0)	(38.0, 3744.0)	(39.0, 4424.5)	(40.0, 5165.0)	(41.0, 6104.0)	(42.0, 7149.5)	(43.0, 8553.5)	(44.0, 10249.5)	(45.0, 11972.5)	(46.0, 13975.5)	(47.0, 16474.5)	(48.0, 19466.5)	(49.0, 22852.0)	(50.0, 26397.5)	(51.0, 30163.0)	(52.0, 34450.5)	(53.0, 38774.5)	(54.0, 42952.5)	(55.0, 47442.0)	(56.0, 51319.5)	(57.0, 53881.5)	(58.0, 55770.5)	(59.0, 56941.5)	(60.0, 57230.0)	(61.0, 56276.0)	(62.0, 54111.0)	(63.0, 50949.5)	(64.0, 46741.0)	(65.0, 41797.0)	(66.0, 36619.0)	(67.0, 31435.0)	(68.0, 26064.0)	(69.0, 21021.0)	(70.0, 16442.0)	(71.0, 12278.5)	(72.0, 8921.0)	(73.0, 6360.0)	(74.0, 4358.5)	(75.0, 2881.5)	(76.0, 1830.0)	(77.0, 1104.0)	(78.0, 684.5)	(79.0, 448.0)	(80.0, 262.0)	(81.0, 158.0)	(82.0, 96.0)	(83.0, 55.0)	(84.0, 36.0)	(85.0, 19.0)	(86.0, 10.5)	(87.0, 9.5)	(88.0, 6.5)	(89.0, 3.0)	(90.0, 1.5)	(91.0, 0.5)	(92.0, 0.0)	(93.0, 0.0)	(94.0, 0.0)	(95.0, 0.0)	(96.0, 0.5)	(97.0, 0.5)	(98.0, 0.0)	(99.0, 1.5)	(100.0, 6.0)
DRR898421_1_paired	(0.0, 0.0)	(1.0, 0.0)	(2.0, 0.0)	(3.0, 0.0)	(4.0, 0.0)	(5.0, 0.0)	(6.0, 0.0)	(7.0, 0.0)	(8.0, 0.0)	(9.0, 0.0)	(10.0, 0.0)	(11.0, 0.0)	(12.0, 0.0)	(13.0, 0.0)	(14.0, 0.0)	(15.0, 0.5)	(16.0, 2.0)	(17.0, 7.5)	(18.0, 11.5)	(19.0, 26.5)	(20.0, 52.0)	(21.0, 73.0)	(22.0, 111.5)	(23.0, 172.5)	(24.0, 232.0)	(25.0, 299.0)	(26.0, 465.0)	(27.0, 697.5)	(28.0, 959.5)	(29.0, 1285.5)	(30.0, 1708.5)	(31.0, 2216.5)	(32.0, 2830.5)	(33.0, 3610.5)	(34.0, 4410.0)	(35.0, 5375.5)	(36.0, 6497.0)	(37.0, 7916.0)	(38.0, 9405.0)	(39.0, 10603.0)	(40.0, 11956.5)	(41.0, 13692.5)	(42.0, 15783.5)	(43.0, 18161.0)	(44.0, 20835.5)	(45.0, 24149.5)	(46.0, 27958.0)	(47.0, 32486.0)	(48.0, 37531.0)	(49.0, 43096.5)	(50.0, 49687.5)	(51.0, 56525.0)	(52.0, 63973.0)	(53.0, 71784.0)	(54.0, 79642.5)	(55.0, 87475.5)	(56.0, 93620.0)	(57.0, 98350.0)	(58.0, 101447.0)	(59.0, 102593.5)	(60.0, 102175.0)	(61.0, 98933.5)	(62.0, 93899.5)	(63.0, 87250.5)	(64.0, 78556.5)	(65.0, 68893.5)	(66.0, 59109.0)	(67.0, 49885.0)	(68.0, 40717.5)	(69.0, 31783.0)	(70.0, 23824.5)	(71.0, 17248.5)	(72.0, 12172.5)	(73.0, 8374.0)	(74.0, 5615.0)	(75.0, 3589.5)	(76.0, 2152.5)	(77.0, 1234.5)	(78.0, 741.5)	(79.0, 474.5)	(80.0, 266.0)	(81.0, 130.0)	(82.0, 75.5)	(83.0, 44.5)	(84.0, 27.0)	(85.0, 22.0)	(86.0, 14.0)	(87.0, 7.5)	(88.0, 4.5)	(89.0, 4.5)	(90.0, 3.5)	(91.0, 2.0)	(92.0, 1.5)	(93.0, 2.0)	(94.0, 2.0)	(95.0, 1.0)	(96.0, 1.0)	(97.0, 0.5)	(98.0, 1.0)	(99.0, 1.0)	(100.0, 0.0)
DRR898421_2_paired	(0.0, 0.0)	(1.0, 0.0)	(2.0, 0.0)	(3.0, 0.0)	(4.0, 0.0)	(5.0, 0.0)	(6.0, 0.0)	(7.0, 0.0)	(8.0, 0.0)	(9.0, 0.0)	(10.0, 0.0)	(11.0, 0.0)	(12.0, 0.5)	(13.0, 1.0)	(14.0, 1.5)	(15.0, 2.0)	(16.0, 4.5)	(17.0, 11.0)	(18.0, 16.5)	(19.0, 34.5)	(20.0, 68.5)	(21.0, 110.0)	(22.0, 151.0)	(23.0, 206.0)	(24.0, 255.0)	(25.0, 302.5)	(26.0, 434.5)	(27.0, 646.5)	(28.0, 943.5)	(29.0, 1307.5)	(30.0, 1731.5)	(31.0, 2264.5)	(32.0, 2877.0)	(33.0, 3548.5)	(34.0, 4292.0)	(35.0, 5284.5)	(36.0, 6426.0)	(37.0, 7886.0)	(38.0, 9320.5)	(39.0, 10442.5)	(40.0, 11787.0)	(41.0, 13547.5)	(42.0, 15685.0)	(43.0, 18178.0)	(44.0, 21058.0)	(45.0, 24039.0)	(46.0, 27818.5)	(47.0, 32591.0)	(48.0, 37484.0)	(49.0, 43103.0)	(50.0, 49622.5)	(51.0, 56309.5)	(52.0, 63559.0)	(53.0, 71355.0)	(54.0, 79615.0)	(55.0, 87539.5)	(56.0, 93819.5)	(57.0, 98330.0)	(58.0, 101065.0)	(59.0, 102034.5)	(60.0, 101444.0)	(61.0, 98552.5)	(62.0, 93399.0)	(63.0, 86904.0)	(64.0, 78687.0)	(65.0, 69079.5)	(66.0, 59360.0)	(67.0, 49949.5)	(68.0, 40676.5)	(69.0, 31728.0)	(70.0, 23714.0)	(71.0, 17117.0)	(72.0, 12075.0)	(73.0, 8356.0)	(74.0, 5541.0)	(75.0, 3571.5)	(76.0, 2195.5)	(77.0, 1273.0)	(78.0, 765.0)	(79.0, 467.5)	(80.0, 279.0)	(81.0, 155.0)	(82.0, 94.0)	(83.0, 55.5)	(84.0, 27.5)	(85.0, 19.0)	(86.0, 14.5)	(87.0, 12.0)	(88.0, 14.5)	(89.0, 15.5)	(90.0, 17.0)	(91.0, 17.0)	(92.0, 12.0)	(93.0, 12.0)	(94.0, 19.5)	(95.0, 27.5)	(96.0, 45.5)	(97.0, 74.0)	(98.0, 105.0)	(99.0, 331.5)	(100.0, 1422.5)
DRR898438_1_paired	(0.0, 0.0)	(1.0, 0.0)	(2.0, 0.0)	(3.0, 0.0)	(4.0, 0.0)	(5.0, 0.0)	(6.0, 0.0)	(7.0, 0.0)	(8.0, 0.0)	(9.0, 0.0)	(10.0, 0.0)	(11.0, 0.0)	(12.0, 0.0)	(13.0, 0.0)	(14.0, 0.5)	(15.0, 0.5)	(16.0, 1.0)	(17.0, 4.5)	(18.0, 10.5)	(19.0, 14.0)	(20.0, 23.0)	(21.0, 47.5)	(22.0, 81.5)	(23.0, 130.5)	(24.0, 226.0)	(25.0, 353.5)	(26.0, 533.5)	(27.0, 767.0)	(28.0, 1065.5)	(29.0, 1470.0)	(30.0, 2027.5)	(31.0, 2625.0)	(32.0, 3291.5)	(33.0, 4094.0)	(34.0, 4938.5)	(35.0, 5988.5)	(36.0, 7252.5)	(37.0, 8594.0)	(38.0, 9993.5)	(39.0, 11628.5)	(40.0, 13287.0)	(41.0, 15308.0)	(42.0, 17882.0)	(43.0, 20934.5)	(44.0, 24737.5)	(45.0, 28767.0)	(46.0, 33267.5)	(47.0, 38640.0)	(48.0, 44853.0)	(49.0, 52157.0)	(50.0, 59869.5)	(51.0, 68095.0)	(52.0, 78206.0)	(53.0, 89472.5)	(54.0, 100299.0)	(55.0, 110825.5)	(56.0, 119851.0)	(57.0, 127402.0)	(58.0, 132719.5)	(59.0, 134680.5)	(60.0, 134267.5)	(61.0, 131626.5)	(62.0, 125897.0)	(63.0, 117358.0)	(64.0, 106757.0)	(65.0, 94617.5)	(66.0, 81798.0)	(67.0, 69028.5)	(68.0, 56593.5)	(69.0, 44933.5)	(70.0, 33914.5)	(71.0, 24231.0)	(72.0, 17399.5)	(73.0, 11935.0)	(74.0, 7731.0)	(75.0, 4886.5)	(76.0, 2912.0)	(77.0, 1685.5)	(78.0, 995.5)	(79.0, 553.0)	(80.0, 282.5)	(81.0, 175.5)	(82.0, 93.0)	(83.0, 39.5)	(84.0, 19.0)	(85.0, 12.5)	(86.0, 8.0)	(87.0, 4.5)	(88.0, 3.5)	(89.0, 4.0)	(90.0, 5.0)	(91.0, 6.0)	(92.0, 6.0)	(93.0, 5.0)	(94.0, 4.0)	(95.0, 2.0)	(96.0, 0.0)	(97.0, 0.0)	(98.0, 0.5)	(99.0, 1.0)	(100.0, 0.5)
DRR898438_2_paired	(0.0, 0.0)	(1.0, 0.0)	(2.0, 0.0)	(3.0, 0.0)	(4.0, 0.0)	(5.0, 0.0)	(6.0, 0.0)	(7.0, 0.0)	(8.0, 0.0)	(9.0, 0.0)	(10.0, 0.5)	(11.0, 1.0)	(12.0, 0.5)	(13.0, 0.0)	(14.0, 1.0)	(15.0, 2.0)	(16.0, 1.0)	(17.0, 3.5)	(18.0, 9.5)	(19.0, 13.5)	(20.0, 27.0)	(21.0, 59.0)	(22.0, 96.5)	(23.0, 154.5)	(24.0, 241.5)	(25.0, 365.0)	(26.0, 519.5)	(27.0, 749.5)	(28.0, 1110.5)	(29.0, 1434.0)	(30.0, 1932.5)	(31.0, 2591.0)	(32.0, 3259.5)	(33.0, 4112.0)	(34.0, 5057.5)	(35.0, 6100.5)	(36.0, 7320.0)	(37.0, 8555.0)	(38.0, 9846.5)	(39.0, 11476.5)	(40.0, 13240.5)	(41.0, 15249.5)	(42.0, 17969.0)	(43.0, 21182.0)	(44.0, 24843.5)	(45.0, 28388.0)	(46.0, 32601.0)	(47.0, 38144.0)	(48.0, 44598.0)	(49.0, 51765.5)	(50.0, 59541.0)	(51.0, 68307.5)	(52.0, 78077.5)	(53.0, 88937.5)	(54.0, 99778.5)	(55.0, 110224.0)	(56.0, 119074.5)	(57.0, 125940.0)	(58.0, 131167.5)	(59.0, 133765.0)	(60.0, 133711.5)	(61.0, 130791.0)	(62.0, 124727.0)	(63.0, 116856.0)	(64.0, 107114.5)	(65.0, 94755.5)	(66.0, 81795.0)	(67.0, 69067.0)	(68.0, 56464.5)	(69.0, 44605.0)	(70.0, 33736.0)	(71.0, 24340.5)	(72.0, 17272.0)	(73.0, 12013.5)	(74.0, 7902.5)	(75.0, 5060.0)	(76.0, 3078.0)	(77.0, 1762.0)	(78.0, 1074.5)	(79.0, 629.5)	(80.0, 350.5)	(81.0, 239.0)	(82.0, 165.0)	(83.0, 109.5)	(84.0, 77.0)	(85.0, 58.0)	(86.0, 40.0)	(87.0, 37.0)	(88.0, 44.5)	(89.0, 45.0)	(90.0, 43.5)	(91.0, 52.0)	(92.0, 61.0)	(93.0, 61.0)	(94.0, 69.5)	(95.0, 93.5)	(96.0, 161.0)	(97.0, 305.5)	(98.0, 466.0)	(99.0, 1895.5)	(100.0, 8331.0)
