Sample	0	1	2	3	4	5	6	7	8	9	10	11	12	13	14	15	16	17	18	19	20	21	22	23	24	25	26	27	28	29	30	31	32	33	34	35	36	37
DRR898355_1_paired	(1, 0.0)	(2, 0.01644451904718733)	(3, 0.008329974713859085)	(4, 0.000718101268436128)	(5, 0.0)	(6, 0.001059199370943289)	(7, 0.0)	(8, 0.0)	(9, 0.0)	(10, 0.0)	(15, 0.0)	(20, 0.0)	(25, 0.0)	(30, 3.59050634218064e-06)	(35, 0.0)	(40, 0.0)	(45, 0.0)	(50, 0.0)	(55, 0.015499372219671965)	(60, 0.0)	(65, 0.0)	(70, 0.0)	(75, 0.0)	(80, 0.0)	(85, 0.0)	(90, 0.0)	(95, 0.03246606812389929)	(100, 0.0)	(105, 0.0)	(110, 0.0)	(115, 0.0)	(120, 0.0)	(125, 0.0)	(130, 0.0)	(135, 0.0)	(140, 0.0)	(145, 0.0)	(150, 0.0)
DRR898355_2_paired	(1, 0.1228491744977106)	(2, 0.010789471558252823)	(3, 0.0)	(4, 3.5905063421806404e-05)	(5, 0.0)	(6, 0.0)	(7, 0.0)	(8, 0.0)	(9, 0.0)	(10, 8.617215221233536e-05)	(15, 0.0)	(20, 3.59050634218064e-06)	(25, 0.0)	(30, 2.872405073744512e-05)	(35, 7.183033387816642e-06)	(40, 0.0)	(45, 0.0)	(50, 0.0)	(55, 0.0)	(60, 0.0)	(65, 0.0)	(70, 1.444129239169175e-05)	(75, 3.6122040336109806e-06)	(80, 0.01693898546355321)	(85, 0.0)	(90, 0.016872139712892902)	(95, 0.0)	(100, 0.0)	(105, 0.0)	(110, 0.017388877714294)	(115, 0.0)	(120, 3.990527503477382e-05)	(125, 0.0)	(130, 0.01685109108454167)	(135, 0.0)	(140, 0.0)	(145, 0.0)	(150, 0.0)
DRR898359_1_paired	(1, 0.0)	(2, 0.016900496970841533)	(3, 0.008720897013423564)	(4, 0.0009021617600093344)	(5, 0.0)	(6, 0.00096230587734329)	(7, 0.0)	(8, 0.0)	(9, 0.0)	(10, 0.0)	(15, 0.0)	(20, 0.0)	(25, 1.2028823466791126e-05)	(30, 0.0)	(35, 0.0)	(40, 0.0)	(45, 0.0)	(50, 0.0)	(55, 0.014911065371531838)	(60, 0.0)	(65, 1.2051334829948434e-05)	(70, 0.0)	(75, 0.0)	(80, 0.0)	(85, 0.0)	(90, 0.0)	(95, 0.03392606966120775)	(100, 0.0)	(105, 0.0)	(110, 0.0)	(115, 0.0)	(120, 0.0)	(125, 0.0)	(130, 0.0)	(135, 0.0)	(140, 0.0)	(145, 0.0)	(150, 0.0)
DRR898359_2_paired	(1, 0.11481511999052128)	(2, 0.010404932298774323)	(3, 0.0)	(4, 6.014411733395563e-05)	(5, 0.0)	(6, 0.0)	(7, 0.0)	(8, 0.0)	(9, 0.0)	(10, 8.420176426753788e-05)	(15, 0.0)	(20, 0.0)	(25, 0.0)	(30, 3.608647040037338e-05)	(35, 0.0)	(40, 0.0)	(45, 0.0)	(50, 0.0)	(55, 0.0)	(60, 0.0)	(65, 0.0)	(70, 0.0)	(75, 0.0)	(80, 0.01680301144754984)	(85, 0.0)	(90, 0.017321651956156037)	(95, 0.0)	(100, 0.0)	(105, 0.0)	(110, 0.018034077386283643)	(115, 0.0)	(120, 3.633603859177987e-05)	(125, 0.0)	(130, 0.017091344143305466)	(135, 0.0)	(140, 0.0)	(145, 0.0)	(150, 0.0)
DRR898360_1_paired	(1, 0.0)	(2, 0.01657356048719062)	(3, 0.007025748467396023)	(4, 0.0006004913219996601)	(5, 0.0)	(6, 0.0007806387185995582)	(7, 0.0)	(8, 0.0)	(9, 0.0)	(10, 0.0)	(15, 0.0)	(20, 0.0)	(25, 0.0)	(30, 0.0)	(35, 6.005354975031235e-06)	(40, 0.0)	(45, 6.008897133629881e-06)	(50, 0.0)	(55, 0.015121381705881851)	(60, 0.0)	(65, 0.0)	(70, 0.0)	(75, 0.0)	(80, 0.0)	(85, 0.0)	(90, 0.0)	(95, 0.034044655088591134)	(100, 0.0)	(105, 0.0)	(110, 0.0)	(115, 0.0)	(120, 0.0)	(125, 0.0)	(130, 0.0)	(135, 0.0)	(140, 0.0)	(145, 0.0)	(150, 0.0)
DRR898360_2_paired	(1, 0.11409335117993542)	(2, 0.009037394396094885)	(3, 0.0)	(4, 9.007369829994902e-05)	(5, 0.0)	(6, 0.0)	(7, 0.0)	(8, 0.0)	(9, 0.0)	(10, 5.4044218979969404e-05)	(15, 0.0)	(20, 0.0)	(25, 0.0)	(30, 2.4019652879986407e-05)	(35, 0.0)	(40, 0.0)	(45, 0.0)	(50, 0.0)	(55, 0.0)	(60, 0.0)	(65, 0.0)	(70, 6.0346224393211165e-06)	(75, 0.0)	(80, 0.017068994009302542)	(85, 0.0)	(90, 0.016684209266409827)	(95, 0.0)	(100, 0.0)	(105, 0.0)	(110, 0.017613826096618105)	(115, 0.0)	(120, 3.63623052828854e-05)	(125, 0.0)	(130, 0.01728348506886459)	(135, 0.0)	(140, 0.0)	(145, 0.0)	(150, 0.0)
DRR898362_1_paired	(1, 0.0)	(2, 0.0)	(3, 0.0)	(4, 0.0)	(5, 0.0)	(6, 0.0)	(7, 0.0)	(8, 0.0)	(9, 0.0)	(10, 2.3583973982159903e-05)	(15, 0.0)	(20, 0.0)	(25, 0.0)	(30, 0.00017687980486619928)	(35, 0.00030664991571845005)	(40, 0.00022426039511848857)	(45, 0.0)	(50, 0.0009104291431915861)	(55, 0.0008048384044268005)	(60, 0.0002132845717405763)	(65, 0.0005575940032307234)	(70, 0.00013067011794166053)	(75, 0.00011896892959847033)	(80, 0.00032176757655386925)	(85, 0.00016716278192301676)	(90, 0.0004190028570009093)	(95, 0.0011413936873479994)	(100, 0.0005189342201396198)	(105, 0.0009705215012366263)	(110, 0.0006103906805550892)	(115, 0.00022144486871640957)	(120, 0.0003970730750952045)	(125, 0.0001377935346772462)	(130, 7.592417756083709e-05)	(135, 2.557364891216091e-05)	(140, 0.0)	(145, 0.00023574134825977703)	(150, 0.0)
DRR898362_2_paired	(1, 0.002004637788483592)	(2, 0.0)	(3, 5.895993495539976e-05)	(4, 0.0)	(5, 0.0)	(6, 0.0)	(7, 0.0)	(8, 0.0)	(9, 0.0)	(10, 0.0004127195446877983)	(15, 0.0005306394145985978)	(20, 0.0006013913365450776)	(25, 0.00043630351866995825)	(30, 0.00011791986991079952)	(35, 0.0002478272629815461)	(40, 0.00021310195827676758)	(45, 0.00014254872850097893)	(50, 9.537316180152274e-05)	(55, 0.00044277752667106336)	(60, 0.00015619955430259483)	(65, 6.0345215668369725e-05)	(70, 0.00010912642478188358)	(75, 7.321045284203588e-05)	(80, 0.0001721775578605758)	(85, 0.0)	(90, 1.2541016963606596e-05)	(95, 0.00015229321215193227)	(100, 0.0)	(105, 0.0)	(110, 3.9847183395200515e-05)	(115, 1.3511470360090144e-05)	(120, 0.00017875728212478058)	(125, 4.196347079866976e-05)	(130, 4.271597875193308e-05)	(135, 1.4516006582718665e-05)	(140, 1.4813304954991254e-05)	(145, 3.0325976958929223e-05)	(150, 0.0)
DRR898363_1_paired	(1, 0.0002281244784028853)	(2, 0.1559230809883721)	(3, 0.0)	(4, 0.02954211995317365)	(5, 0.0)	(6, 0.0)	(7, 0.0)	(8, 0.0)	(9, 0.0)	(10, 0.012227472042394653)	(15, 0.005984465483435692)	(20, 0.0)	(25, 0.0)	(30, 0.00933029116667801)	(35, 0.0016580436985783036)	(40, 0.015626655527314754)	(45, 7.617025697711936e-05)	(50, 7.622025580737373e-06)	(55, 0.0)	(60, 0.0003357849706310254)	(65, 0.0004734318448279786)	(70, 0.0)	(75, 0.0)	(80, 0.0)	(85, 0.0)	(90, 7.65877228501692e-06)	(95, 0.0007127075214630337)	(100, 0.00010735660359287277)	(105, 0.0)	(110, 6.142783945004884e-05)	(115, 0.0)	(120, 0.0)	(125, 7.695559954337626e-06)	(130, 0.0)	(135, 0.0022585049283198326)	(140, 0.0)	(145, 0.0)	(150, 3.943660860940602e-05)
DRR898363_2_paired	(1, 0.035587418630850104)	(2, 0.02836347681475874)	(3, 0.0011026016456139457)	(4, 0.0)	(5, 0.0)	(6, 0.0)	(7, 0.0)	(8, 0.0)	(9, 0.0)	(10, 0.012706533447040712)	(15, 0.004227906999733475)	(20, 0.0007071858830489446)	(25, 7.604149280096178e-06)	(30, 0.008630709432909162)	(35, 0.0022665125133927693)	(40, 0.0)	(45, 0.0)	(50, 0.0)	(55, 0.0)	(60, 7.630868051684481e-06)	(65, 0.002183539805090824)	(70, 0.0020089235927681194)	(75, 1.5284687624164207e-05)	(80, 0.0)	(85, 0.00016828648785717373)	(90, 0.0)	(95, 0.000367520329616733)	(100, 0.015283064181591914)	(105, 7.664765242803667e-05)	(110, 1.533802789465781e-05)	(115, 7.67331505703153e-06)	(120, 0.0)	(125, 0.0012215002481412453)	(130, 0.015604513071162653)	(135, 9.230437645047674e-05)	(140, 0.0024940216607320757)	(145, 5.392619276071678e-05)	(150, 9.809726618614702e-05)
DRR898364_1_paired	(1, 0.00023661542590607654)	(2, 0.156808422968327)	(3, 0.0)	(4, 0.03190928029361946)	(5, 0.0)	(6, 0.0)	(7, 0.0)	(8, 0.0)	(9, 0.0)	(10, 0.011641478954578965)	(15, 0.0060641153439357325)	(20, 0.0)	(25, 0.0)	(30, 0.008829135606666741)	(35, 0.001541680655051996)	(40, 0.01592216935057511)	(45, 7.448630183366314e-05)	(50, 2.7102997828711086e-05)	(55, 0.0)	(60, 0.00027135913547150314)	(65, 0.0003461892169797258)	(70, 0.0)	(75, 0.0)	(80, 0.0)	(85, 0.0)	(90, 6.808252909711128e-06)	(95, 0.0006131179027770767)	(100, 4.771652891700044e-05)	(105, 0.0)	(110, 3.412750774046003e-05)	(115, 0.0)	(120, 0.0)	(125, 6.840329873540085e-06)	(130, 0.0)	(135, 0.0021787114812545517)	(140, 0.0)	(145, 0.0)	(150, 8.75946219004424e-05)
DRR898364_2_paired	(1, 0.036878204237647066)	(2, 0.028495257719831787)	(3, 0.0009464617036243062)	(4, 0.0)	(5, 0.0)	(6, 0.0)	(7, 0.0)	(8, 0.0)	(9, 0.0)	(10, 0.012047105398989382)	(15, 0.004238796344088857)	(20, 0.0008112528888208337)	(25, 2.0281322220520845e-05)	(30, 0.008295060788193025)	(35, 0.002238219443013344)	(40, 0.0)	(45, 0.0)	(50, 0.0)	(55, 0.0)	(60, 0.0)	(65, 0.0021316456854574856)	(70, 0.0019969129356148404)	(75, 2.7182507295445175e-05)	(80, 0.0)	(85, 8.162487926319943e-05)	(90, 0.0)	(95, 0.0003199979520131071)	(100, 0.01570845756706919)	(105, 4.77096017413732e-05)	(110, 2.727784496841396e-05)	(115, 1.3646703495480278e-05)	(120, 0.0)	(125, 0.001215983294302319)	(130, 0.016022889216759616)	(135, 8.208201580297689e-05)	(140, 0.002491664901737361)	(145, 6.165922930759083e-05)	(150, 0.00012216652204477438)
DRR898365_1_paired	(1, 0.00011340928731335667)	(2, 0.1545012524165629)	(3, 0.0)	(4, 0.028805958977592593)	(5, 0.0)	(6, 0.0)	(7, 0.0)	(8, 0.0)	(9, 0.0)	(10, 0.01223308179153407)	(15, 0.005912404178602994)	(20, 0.0)	(25, 0.0)	(30, 0.009443213323625499)	(35, 0.0015199953114572481)	(40, 0.015506866802371302)	(45, 4.544181141966354e-05)	(50, 0.0)	(55, 0.0)	(60, 0.00024283111331311713)	(65, 0.00031891057717043703)	(70, 0.0)	(75, 0.0)	(80, 0.0)	(85, 0.0)	(90, 7.616298788010757e-06)	(95, 0.00047250248902117606)	(100, 8.38841919248959e-05)	(105, 0.0)	(110, 3.8182416187878256e-05)	(115, 0.0)	(120, 0.0)	(125, 0.0)	(130, 0.0)	(135, 0.001993244434631549)	(140, 0.0)	(145, 0.0)	(150, 1.9616216569308114e-05)
DRR898365_2_paired	(1, 0.034476423343260426)	(2, 0.028843762073363713)	(3, 0.0008316681069646155)	(4, 0.0)	(5, 0.0)	(6, 0.0)	(7, 0.0)	(8, 0.0)	(9, 0.0)	(10, 0.012603552130091037)	(15, 0.004165901153977302)	(20, 0.0006653344855716924)	(25, 0.0)	(30, 0.008974454936063624)	(35, 0.002382147415903201)	(40, 0.0)	(45, 0.0)	(50, 0.0)	(55, 0.0)	(60, 0.0)	(65, 0.0018601297808751934)	(70, 0.0018231281582371931)	(75, 0.0)	(80, 0.0)	(85, 0.00010650272144882652)	(90, 0.0)	(95, 0.00022844558768769663)	(100, 0.01594632647836846)	(105, 6.860879880401143e-05)	(110, 1.5255291583922601e-05)	(115, 7.632100983075664e-06)	(120, 0.0)	(125, 0.0011308859077479821)	(130, 0.016002680315151112)	(135, 7.650851260489222e-05)	(140, 0.002143744664085547)	(145, 3.065028643842063e-05)	(150, 1.9521977060896073e-05)
DRR898366_1_paired	(1, 0.00010780605690363037)	(2, 0.1626074691629758)	(3, 0.0)	(4, 0.028173316204148736)	(5, 0.0)	(6, 0.0)	(7, 0.0)	(8, 0.0)	(9, 0.0)	(10, 0.012110213725507812)	(15, 0.006727097950786534)	(20, 0.0)	(25, 0.0)	(30, 0.009249759682331486)	(35, 0.001797136241833004)	(40, 0.01662568039571853)	(45, 4.319781004382202e-05)	(50, 1.4408946803249075e-05)	(55, 0.0)	(60, 0.00031019229108675435)	(65, 0.00031760257408224404)	(70, 0.0)	(75, 0.0)	(80, 0.0)	(85, 0.0)	(90, 0.0)	(95, 0.0005289101950338231)	(100, 0.00012325050440268925)	(105, 7.254833423946203e-06)	(110, 2.1779650053294802e-05)	(115, 0.0)	(120, 0.0)	(125, 0.0)	(130, 0.0)	(135, 0.001960671695510164)	(140, 0.0)	(145, 0.0)	(150, 3.7298596901381764e-05)
DRR898366_2_paired	(1, 0.035468192721294395)	(2, 0.032808976651004844)	(3, 0.0009343191598314632)	(4, 0.0)	(5, 0.0)	(6, 0.0)	(7, 0.0)	(8, 0.0)	(9, 0.0)	(10, 0.012433631896218702)	(15, 0.004887207912964577)	(20, 0.0006037139186603301)	(25, 1.4374140920484048e-05)	(30, 0.008710729397813333)	(35, 0.002573497063337932)	(40, 0.0)	(45, 0.0)	(50, 0.0)	(55, 0.0)	(60, 0.0)	(65, 0.0018469449690481604)	(70, 0.0018766807119375947)	(75, 7.221346994966432e-06)	(80, 0.0)	(85, 0.00015901157250085667)	(90, 0.0)	(95, 0.0002604439092804412)	(100, 0.015902118803520816)	(105, 0.00010862493576645465)	(110, 2.898182781432386e-05)	(115, 0.0)	(120, 0.0)	(125, 0.00110315741069215)	(130, 0.015671136765234826)	(135, 0.000159862576316214)	(140, 0.0021596481736793427)	(145, 7.277346138163472e-05)	(150, 1.8522933150919488e-05)
DRR898368_1_paired	(1, 0.0001437498292970777)	(2, 0.16353938913030874)	(3, 0.0)	(4, 0.029516631615666623)	(5, 0.0)	(6, 0.0)	(7, 0.0)	(8, 0.0)	(9, 0.0)	(10, 0.011777902680407234)	(15, 0.005855409713367632)	(20, 0.0)	(25, 0.0)	(30, 0.008749572943215463)	(35, 0.0014856247593647315)	(40, 0.015478364909261681)	(45, 4.797533070115082e-05)	(50, 1.919958467458432e-05)	(55, 0.0)	(60, 0.00033631141899300484)	(65, 0.0004710545623460901)	(70, 0.0)	(75, 0.0)	(80, 0.0)	(85, 0.0)	(90, 1.9272620467368756e-05)	(95, 0.000645943700125554)	(100, 0.00010610459269871147)	(105, 0.0)	(110, 7.725256654753356e-05)	(115, 0.0)	(120, 0.0)	(125, 0.0)	(130, 0.0)	(135, 0.002373423392964708)	(140, 0.0)	(145, 0.0)	(150, 7.409932273219023e-05)
DRR898368_2_paired	(1, 0.03363746005551618)	(2, 0.029277048566838163)	(3, 0.0011979152441423141)	(4, 0.0)	(5, 0.0)	(6, 0.0)	(7, 0.0)	(8, 0.0)	(9, 0.0)	(10, 0.012295402065876714)	(15, 0.004111245117896423)	(20, 0.0008241656879699122)	(25, 2.874996585941554e-05)	(30, 0.008366240065089924)	(35, 0.0025687285857414286)	(40, 0.0)	(45, 0.0)	(50, 0.0)	(55, 0.0)	(60, 0.0)	(65, 0.002258927063474601)	(70, 0.0020674750782707597)	(75, 9.61983101227654e-06)	(80, 0.0)	(85, 0.00016366163054157078)	(90, 0.0)	(95, 0.00039499828127577126)	(100, 0.015758106606145256)	(105, 7.713603170599447e-05)	(110, 1.9292633657677874e-05)	(115, 1.9301183287993246e-05)	(120, 0.0)	(125, 0.0014199055888353307)	(130, 0.016322295859925517)	(135, 0.00013536316195970275)	(140, 0.002631413974820464)	(145, 6.776328310396107e-05)	(150, 9.833448425652615e-05)
DRR898372_1_paired	(1, 4.9003801714937044e-05)	(2, 0.16092848483185324)	(3, 0.0)	(4, 0.02881423540838298)	(5, 0.0)	(6, 0.0)	(7, 0.0)	(8, 0.0)	(9, 0.0)	(10, 0.011672705568498004)	(15, 0.00624308433848298)	(20, 0.0)	(25, 0.0)	(30, 0.008712875944915807)	(35, 0.0016860135083010188)	(40, 0.01746934257890851)	(45, 5.888935847699556e-05)	(50, 0.0)	(55, 0.0)	(60, 0.00028509701556511734)	(65, 0.00046229065610257106)	(70, 0.0)	(75, 0.0)	(80, 0.0)	(85, 0.0)	(90, 9.861956280764372e-06)	(95, 0.0007104464139378535)	(100, 0.0001086015701615014)	(105, 0.0)	(110, 2.965319403448904e-05)	(115, 0.0)	(120, 0.0)	(125, 0.0)	(130, 0.0)	(135, 0.0020529734593178017)	(140, 0.0)	(145, 0.0)	(150, 5.0611846613713176e-05)
DRR898372_2_paired	(1, 0.036409824674198225)	(2, 0.028716227804953108)	(3, 0.0014701140514481114)	(4, 0.0)	(5, 0.0)	(6, 0.0)	(7, 0.0)	(8, 0.0)	(9, 0.0)	(10, 0.0121431420649614)	(15, 0.004439744435373296)	(20, 0.0006664517033231438)	(25, 2.9402281028962228e-05)	(30, 0.008144431845022537)	(35, 0.002480082146594421)	(40, 0.0)	(45, 0.0)	(50, 0.0)	(55, 0.0)	(60, 0.0)	(65, 0.001986902769732625)	(70, 0.001918912466692108)	(75, 9.844852023505962e-06)	(80, 0.0)	(85, 0.00010838401599826902)	(90, 0.0)	(95, 0.00031556417747013776)	(100, 0.01619936784975984)	(105, 6.90911133134726e-05)	(110, 3.950012590665133e-05)	(115, 0.0)	(120, 0.0)	(125, 0.001167048446455768)	(130, 0.016822652235601837)	(135, 9.901618508659805e-05)	(140, 0.0023085720649503377)	(145, 2.9745695128636747e-05)	(150, 2.5216451717429484e-05)
DRR898376_1_paired	(1, 0.0)	(2, 0.23432877160734744)	(3, 0.0)	(4, 0.0)	(5, 0.0)	(6, 0.0)	(7, 0.0)	(8, 0.0)	(9, 0.0)	(10, 0.0)	(15, 0.0001731105767414924)	(20, 0.0)	(25, 0.0)	(30, 0.0)	(35, 0.0)	(40, 9.44729096569736e-05)	(45, 0.0)	(50, 0.017824761319984252)	(55, 0.015736489797771914)	(60, 6.310054962156235e-05)	(65, 0.0)	(70, 0.0)	(75, 0.0)	(80, 0.0)	(85, 0.0010435398008451723)	(90, 0.0003163774528546184)	(95, 0.0)	(100, 9.500309076721963e-05)	(105, 0.0)	(110, 0.0018702618382423215)	(115, 0.000317153886395795)	(120, 0.0002538438704717228)	(125, 1.587139346390623e-05)	(130, 0.0006350984624901322)	(135, 0.0013660130241399916)	(140, 0.0)	(145, 0.03258933212853487)	(150, 0.0)
DRR898376_2_paired	(1, 0.0)	(2, 0.002360598773747624)	(3, 0.0018884790189980989)	(4, 0.0)	(5, 0.0)	(6, 0.0)	(7, 0.0)	(8, 0.0)	(9, 7.868662579158745e-05)	(10, 0.0)	(15, 0.0003776958037996198)	(20, 0.0011016127610822242)	(25, 0.0003147465031663498)	(30, 4.7211975474952474e-05)	(35, 0.00022036392472557216)	(40, 0.0010395822517477583)	(45, 0.0)	(50, 3.1539706992968066e-05)	(55, 0.0)	(60, 0.00045780426026330057)	(65, 0.00031587956586144226)	(70, 0.0005372590748588352)	(75, 0.0)	(80, 0.0)	(85, 0.00042723317152272545)	(90, 0.0004907436253986105)	(95, 1.5837472060719603e-05)	(100, 0.00020597844514794005)	(105, 0.0016009886183975467)	(110, 0.00041232489869890885)	(115, 0.0007932906648727721)	(120, 0.00011110684319745178)	(125, 1.5878250655017534e-05)	(130, 1.588386228183118e-05)	(135, 0.0)	(140, 0.017675466357324813)	(145, 0.0013038672065312934)	(150, 0.0)
DRR898377_1_paired	(1, 0.0)	(2, 0.23910896996287812)	(3, 0.0)	(4, 0.0)	(5, 0.0)	(6, 0.0)	(7, 0.0)	(8, 0.0)	(9, 0.0)	(10, 0.0)	(15, 0.00019668958318854794)	(20, 0.0)	(25, 0.0)	(30, 1.311263887923653e-05)	(35, 0.0)	(40, 9.183465301916262e-05)	(45, 0.0)	(50, 0.018250662210178827)	(55, 0.015854390753330505)	(60, 2.628017983001454e-05)	(65, 0.0)	(70, 0.0)	(75, 0.0)	(80, 0.0)	(85, 0.0012901494848814887)	(90, 0.0003424184408661132)	(95, 0.0)	(100, 0.00014498633306102263)	(105, 1.3186234731329147e-05)	(110, 0.0020843122785253305)	(115, 0.00044872202647090417)	(120, 0.0003168794556222205)	(125, 1.3208605353553419e-05)	(130, 0.0008853354489767306)	(135, 0.0018506680118379301)	(140, 1.3224511473321664e-05)	(145, 0.03339491899747501)	(150, 0.0)
DRR898377_2_paired	(1, 0.0)	(2, 0.0019013326374892967)	(3, 0.001507953471112201)	(4, 0.0)	(5, 0.0)	(6, 0.0)	(7, 0.0)	(8, 0.0)	(9, 0.0)	(10, 0.0)	(15, 0.00036715388861862286)	(20, 0.0014161649989575453)	(25, 0.0003540412497393863)	(30, 6.556319439618265e-05)	(35, 0.0003147581437767987)	(40, 0.001299245676333492)	(45, 0.0)	(50, 5.255306052601672e-05)	(55, 0.0)	(60, 0.0005391791930486388)	(65, 0.00032891971319779824)	(70, 0.0006844314355672957)	(75, 0.0)	(80, 0.0)	(85, 0.0004348540530967341)	(90, 0.0005272978817784966)	(95, 2.6375015264540087e-05)	(100, 0.00027705037395863694)	(105, 0.0019533178158950447)	(110, 0.0004093084667436871)	(115, 0.0010831399752357217)	(120, 0.00018500035612568555)	(125, 2.643877500166234e-05)	(130, 9.2571274260782e-05)	(135, 0.0)	(140, 0.018038885908877287)	(145, 0.0015491001184730585)	(150, 0.0)
DRR898379_1_paired	(1, 0.0)	(2, 0.10193397739540777)	(3, 5.4277943235041406e-05)	(4, 0.033516629947638064)	(5, 0.0)	(6, 0.00018997280132264493)	(7, 0.0)	(8, 0.0)	(9, 0.0)	(10, 0.0)	(15, 0.0)	(20, 0.0)	(25, 0.0)	(30, 0.0)	(35, 5.42839568813845e-05)	(40, 0.0)	(45, 0.0)	(50, 0.00019569007823037028)	(55, 0.0)	(60, 0.0)	(65, 0.0)	(70, 0.0)	(75, 0.0)	(80, 0.0)	(85, 0.0)	(90, 5.454160886619667e-06)	(95, 0.0)	(100, 0.0)	(105, 0.0)	(110, 0.0)	(115, 0.0006777486218337047)	(120, 0.0)	(125, 0.00010394643016774874)	(130, 0.004887968099576613)	(135, 0.0007010394717536136)	(140, 0.0007946080636826303)	(145, 0.004326624743555632)	(150, 0.0)
DRR898379_2_paired	(1, 0.08915152176355551)	(2, 0.010584198930833073)	(3, 0.0)	(4, 0.0)	(5, 0.0)	(6, 0.0)	(7, 0.0)	(8, 0.0)	(9, 0.0)	(10, 0.0)	(15, 0.0)	(20, 0.0)	(25, 0.0)	(30, 0.0)	(35, 1.0857919508613995e-05)	(40, 0.0)	(45, 0.0)	(50, 0.0)	(55, 0.0)	(60, 0.0)	(65, 0.0)	(70, 0.0)	(75, 0.0)	(80, 0.0)	(85, 0.0004804150349160734)	(90, 0.0)	(95, 0.0)	(100, 0.0)	(105, 0.0)	(110, 0.0)	(115, 0.0)	(120, 0.0)	(125, 0.004151849684637439)	(130, 0.005150991450778934)	(135, 7.675146991399943e-05)	(140, 0.0)	(145, 0.002123770024352563)	(150, 0.0)
DRR898407_1_paired	(1, 0.0)	(2, 0.24096684106639543)	(3, 0.0)	(4, 0.0)	(5, 0.0)	(6, 0.0)	(7, 0.0)	(8, 0.0)	(9, 0.0)	(10, 0.0)	(15, 0.00015083996310885474)	(20, 0.0)	(25, 0.0)	(30, 0.0)	(35, 0.0)	(40, 0.0001293868475897333)	(45, 0.0)	(50, 0.01768233586463492)	(55, 0.016299594540834805)	(60, 5.403820479463699e-05)	(65, 0.0)	(70, 0.0)	(75, 0.0)	(80, 0.0)	(85, 0.0010510625700798678)	(90, 0.0003469456369797211)	(95, 0.0)	(100, 0.0001628079023048389)	(105, 1.0860033177401357e-05)	(110, 0.0018906695349789622)	(115, 0.0003696373368499615)	(120, 0.00032632570634014954)	(125, 2.1766302824776365e-05)	(130, 0.0006206466266766987)	(135, 0.0015251813985390505)	(140, 2.179956736578606e-05)	(145, 0.03327580505417053)	(150, 0.0)
DRR898407_2_paired	(1, 0.0)	(2, 0.0013467853849004887)	(3, 0.0014006568002965082)	(4, 0.0)	(5, 0.0)	(6, 0.0)	(7, 0.0)	(8, 0.0)	(9, 0.0001077428307920391)	(10, 0.0)	(15, 0.00036632562469293293)	(20, 0.0012282682710292457)	(25, 0.000355551341613729)	(30, 5.387141539601955e-05)	(35, 0.00020475719945172488)	(40, 0.0010354146317893)	(45, 0.0)	(50, 1.0801323162087355e-05)	(55, 0.0)	(60, 0.00048662605610019826)	(65, 0.0003137868303234504)	(70, 0.0005737583085345249)	(75, 0.0)	(80, 0.0)	(85, 0.00040114149691695657)	(90, 0.0004555699939908148)	(95, 3.255670401137661e-05)	(100, 0.00020629035758696306)	(105, 0.0017271297872860436)	(110, 0.00036949742264680134)	(115, 0.0008263217396769039)	(120, 7.614348478272456e-05)	(125, 0.0)	(130, 6.53253627680708e-05)	(135, 0.0)	(140, 0.01816644055786992)	(145, 0.0012647429780597622)	(150, 0.0)
DRR898409_1_paired	(1, 0.0)	(2, 0.016283360071350724)	(3, 0.007817863216074637)	(4, 0.001110229095773913)	(5, 0.0)	(6, 0.0013877863697173913)	(7, 0.0)	(8, 0.0)	(9, 0.0)	(10, 0.0)	(15, 0.0)	(20, 0.0)	(25, 9.251909131449274e-06)	(30, 0.0)	(35, 0.0)	(40, 0.0)	(45, 0.0)	(50, 0.0)	(55, 0.01533401641092049)	(60, 0.0)	(65, 0.0)	(70, 0.0)	(75, 0.0)	(80, 0.0)	(85, 0.0)	(90, 0.0)	(95, 0.03375931627285607)	(100, 0.0)	(105, 0.0)	(110, 0.0)	(115, 0.0)	(120, 0.0)	(125, 0.0)	(130, 0.0)	(135, 0.0)	(140, 0.0)	(145, 0.0)	(150, 0.0)
DRR898409_2_paired	(1, 0.12157008598724346)	(2, 0.013692825514544926)	(3, 0.0)	(4, 0.0)	(5, 0.0)	(6, 0.0)	(7, 0.0)	(8, 0.0)	(9, 0.0)	(10, 0.0001757862734975362)	(15, 0.0)	(20, 0.0)	(25, 0.0)	(30, 3.70076365257971e-05)	(35, 9.253491249713604e-06)	(40, 0.0)	(45, 0.0)	(50, 0.0)	(55, 0.0)	(60, 0.0)	(65, 0.0)	(70, 1.857701720166773e-05)	(75, 0.0)	(80, 0.01705961895226049)	(85, 0.0)	(90, 0.0159857003351135)	(95, 0.0)	(100, 0.0)	(105, 0.0)	(110, 0.016721474390372235)	(115, 0.0)	(120, 5.597261894111559e-05)	(125, 0.0)	(130, 0.016851411350046388)	(135, 0.0)	(140, 0.0)	(145, 0.0)	(150, 0.0)
DRR898410_1_paired	(1, 0.0)	(2, 0.01572023779654112)	(3, 0.008109835232406236)	(4, 0.0006421277163488809)	(5, 0.0)	(6, 0.0010702128605814681)	(7, 0.0)	(8, 0.0)	(9, 0.0)	(10, 0.0)	(15, 0.0)	(20, 0.0)	(25, 0.0)	(30, 0.0)	(35, 4.757027902204449e-06)	(40, 0.0)	(45, 0.0)	(50, 0.0)	(55, 0.015461282970113888)	(60, 0.0)	(65, 0.0)	(70, 0.0)	(75, 0.0)	(80, 0.0)	(85, 0.0)	(90, 0.0)	(95, 0.03463008763509952)	(100, 0.0)	(105, 0.0)	(110, 0.0)	(115, 0.0)	(120, 0.0)	(125, 0.0)	(130, 0.0)	(135, 0.0)	(140, 0.0)	(145, 0.0)	(150, 0.0)
DRR898410_2_paired	(1, 0.1202681430213441)	(2, 0.011249126290111875)	(3, 0.0)	(4, 2.378250801292151e-05)	(5, 0.0)	(6, 0.0)	(7, 0.0)	(8, 0.0)	(9, 0.0)	(10, 0.00010939953685943897)	(15, 0.0)	(20, 0.0)	(25, 0.0)	(30, 1.902600641033721e-05)	(35, 9.51546581963796e-06)	(40, 0.0)	(45, 0.0)	(50, 9.53907522385944e-06)	(55, 0.0)	(60, 0.0)	(65, 0.0)	(70, 1.4341102354646476e-05)	(75, 0.0)	(80, 0.017196706251787437)	(85, 0.0)	(90, 0.017077309064334908)	(95, 0.0)	(100, 0.0)	(105, 0.0)	(110, 0.016871941960519655)	(115, 0.0)	(120, 2.8810557571200853e-05)	(125, 0.0)	(130, 0.01653042961764621)	(135, 0.0)	(140, 0.0)	(145, 0.0)	(150, 0.0)
DRR898411_1_paired	(1, 0.5338537652970007)	(2, 0.024178508677291082)	(3, 0.0)	(4, 0.0)	(5, 0.0)	(6, 0.0006743010388089146)	(7, 0.0)	(8, 0.0)	(9, 0.0)	(10, 0.0)	(15, 0.0)	(20, 0.0)	(25, 0.0)	(30, 0.00011559446379581393)	(35, 0.0)	(40, 0.0)	(45, 3.858437032043934e-05)	(50, 0.0005405219666196798)	(55, 9.65829717266872e-05)	(60, 0.00015463204145994296)	(65, 0.0)	(70, 0.001432351398381443)	(75, 0.00034864916848141787)	(80, 0.0006396282248165285)	(85, 0.0008728664235054782)	(90, 0.0005629608635431397)	(95, 0.0017291666504759677)	(100, 0.0010112367853716041)	(105, 0.0007980779169309895)	(110, 0.0010131619478973674)	(115, 0.0)	(120, 0.0)	(125, 0.0)	(130, 1.95781764416586e-05)	(135, 0.0)	(140, 0.0)	(145, 9.841601393885689e-05)	(150, 0.0)
DRR898411_2_paired	(1, 0.03227012114299806)	(2, 9.632871982984494e-05)	(3, 9.632871982984494e-05)	(4, 0.0)	(5, 9.632871982984494e-05)	(6, 0.0)	(7, 0.0)	(8, 0.0)	(9, 0.0014449307974476742)	(10, 0.0010210844301963566)	(15, 5.779723189790697e-05)	(20, 0.0)	(25, 0.0)	(30, 0.0)	(35, 0.0005591284075020379)	(40, 0.0)	(45, 0.00036854910557981407)	(50, 3.890815923553249e-05)	(55, 3.9018573621415265e-05)	(60, 0.0)	(65, 0.0)	(70, 0.0)	(75, 0.0)	(80, 0.0)	(85, 0.0)	(90, 0.0)	(95, 0.0)	(100, 0.0002604655561350358)	(105, 0.0)	(110, 0.00048403921040297067)	(115, 0.00020236405739125612)	(120, 0.00028428768370314763)	(125, 0.0)	(130, 4.09645093731918e-05)	(135, 0.000597610629061434)	(140, 4.157204695562704e-05)	(145, 0.0)	(150, 0.00016728870182294498)
DRR898421_1_paired	(1, 0.0)	(2, 0.0)	(3, 0.0)	(4, 0.0003176139148773534)	(5, 0.0)	(6, 0.0)	(7, 0.0)	(8, 0.005822921772751479)	(9, 0.0)	(10, 0.009793095708718396)	(15, 4.234852198364712e-05)	(20, 0.03386823045642178)	(25, 0.030872072526078747)	(30, 3.176139148773534e-05)	(35, 0.00022235975584898807)	(40, 0.001165362502427397)	(45, 0.0)	(50, 5.3027015355350996e-05)	(55, 0.05315097529758286)	(60, 4.246682571200677e-05)	(65, 0.0)	(70, 0.00017003811510623928)	(75, 0.009952408137199475)	(80, 0.005968161930595064)	(85, 0.0026823186345465394)	(90, 0.00013844965145300245)	(95, 0.000415585035571415)	(100, 1.0662083392419046e-05)	(105, 0.05239157232858723)	(110, 0.0014196991476040923)	(115, 0.0015060001288110748)	(120, 0.021695824750746502)	(125, 0.03542071726952471)	(130, 0.030467289239557008)	(135, 0.0003212658388074355)	(140, 0.0027005842907011812)	(145, 0.03355019040912891)	(150, 0.08626044879409746)
DRR898421_2_paired	(1, 0.3616034420878668)	(2, 0.0076227339570564805)	(3, 0.0)	(4, 0.0)	(5, 0.17325839056559628)	(6, 0.20570794553556587)	(7, 0.0)	(8, 0.0)	(9, 0.0)	(10, 0.0)	(15, 0.06515320107184108)	(20, 0.00922139066193916)	(25, 0.07469220564865761)	(30, 0.002932635147367563)	(35, 0.0)	(40, 0.010149115723861842)	(45, 0.040850370308500854)	(50, 0.09388074229518849)	(55, 0.056205790851441347)	(60, 0.0005306638817426153)	(65, 0.07014841480720813)	(70, 0.007233054869571876)	(75, 0.0)	(80, 1.0629048338786036e-05)	(85, 0.003072928678601326)	(90, 4.2547592407254495e-05)	(95, 0.0)	(100, 0.0534463871849593)	(105, 4.259370081758609e-05)	(110, 0.0006711196342121024)	(115, 0.0011935673116015275)	(120, 0.0004690935077138696)	(125, 0.00019198468218215763)	(130, 0.0)	(135, 0.08334112621435504)	(140, 6.4081374801815e-05)	(145, 6.411534607219773e-05)	(150, 0.0)
DRR898438_1_paired	(1, 0.0)	(2, 0.036530937034916534)	(3, 0.00380871877157762)	(4, 0.0012695729238592069)	(5, 0.0)	(6, 0.0)	(7, 0.0)	(8, 4.0953965285780865e-05)	(9, 8.190793057156173e-05)	(10, 0.0002784869639433099)	(15, 0.0)	(20, 0.0)	(25, 0.0)	(30, 0.0024490471240896958)	(35, 0.00013925197932353845)	(40, 0.05067585282913004)	(45, 0.0)	(50, 0.0)	(55, 1.639816314335733e-05)	(60, 9.841157969693663e-05)	(65, 9.02304090915504e-05)	(70, 5.743209925973306e-05)	(75, 0.0)	(80, 0.0)	(85, 0.00023806713131897892)	(90, 0.0002052690259960084)	(95, 0.0001970942558110983)	(100, 9.035104996955169e-05)	(105, 0.00015609018726714835)	(110, 0.00014790329819424863)	(115, 4.10916945549149e-05)	(120, 0.00034522794291409374)	(125, 0.0)	(130, 9.045215056566308e-05)	(135, 0.00040300251679184)	(140, 0.0)	(145, 5.75973732964754e-05)	(150, 0.0)
DRR898438_2_paired	(1, 0.28413861115274763)	(2, 0.0001228618958573426)	(3, 8.190793057156173e-05)	(4, 0.0)	(5, 0.0)	(6, 0.0)	(7, 0.0)	(8, 0.0010238491321445215)	(9, 0.0)	(10, 0.0001474342750288111)	(15, 0.0)	(20, 0.0)	(25, 0.0)	(30, 0.00013924348197165494)	(35, 0.0003440946758476588)	(40, 0.00014759029328159146)	(45, 0.00022154709619451836)	(50, 0.0005418964800375189)	(55, 0.0006079113251251066)	(60, 0.00020547171168209416)	(65, 0.0)	(70, 0.0006662823067746351)	(75, 0.00015634694539212637)	(80, 0.0)	(85, 0.00013998571816296578)	(90, 0.0)	(95, 0.00012359410673636495)	(100, 0.00016484213892565785)	(105, 0.00011542372627032468)	(110, 9.071625514062215e-05)	(115, 0.00030522507379434857)	(120, 0.0)	(125, 0.0)	(130, 0.0)	(135, 9.08481175568034e-05)	(140, 0.0001900122929692147)	(145, 8.26459941486636e-06)	(150, 0.0)
