Sample	0	1	2	3	4	5	6	7	8	9	10	11	12	13	14	15	16	17	18	19	20	21	22	23	24	25	26	27	28	29	30	31	32	33	34	35	36	37
DRR898355_1_paired	(1, 38.61827334345258)	(2, 39.19553556441413)	(3, 39.25067137980466)	(4, 39.33323579124437)	(5, 39.34929828041675)	(6, 39.298552577130806)	(7, 39.287473351710744)	(8, 39.29621982516029)	(9, 39.29066962045655)	(10, 39.30650791841292)	(15, 39.513551594229696)	(20, 39.55933313525706)	(25, 39.39703564205884)	(30, 39.372199607019084)	(35, 39.41996133237889)	(40, 39.4412835703636)	(45, 39.45020902586418)	(50, 39.45896758691018)	(55, 39.452648845628616)	(60, 39.45340167797579)	(65, 39.44731633319321)	(70, 39.43995842533282)	(75, 39.42912539633776)	(80, 39.40656414714361)	(85, 39.392322837272275)	(90, 39.36298258989554)	(95, 39.32854813078586)	(100, 39.316962808690725)	(105, 39.28534420054577)	(110, 39.2566061401164)	(115, 39.22961456043915)	(120, 39.19885216308147)	(125, 39.1592840034013)	(130, 39.11862278347636)	(135, 39.074119965911954)	(140, 39.0652692242008)	(145, 39.03119727260486)	(150, 39.08664979462183)
DRR898355_2_paired	(1, 37.452722097502)	(2, 38.610513182095225)	(3, 38.74577078746088)	(4, 38.953563442900624)	(5, 39.05903672100599)	(6, 39.080443319818066)	(7, 39.11322536082345)	(8, 39.13146513304172)	(9, 39.164979637340906)	(10, 39.246739631739715)	(15, 39.315856160725424)	(20, 39.36648653694765)	(25, 39.124342286560115)	(30, 39.09378162001851)	(35, 39.15170831992499)	(40, 39.1961800603717)	(45, 39.231857717833066)	(50, 39.26428889530694)	(55, 39.283211924029374)	(60, 39.300933115959)	(65, 39.308279082630655)	(70, 39.31306563112398)	(75, 39.30295670039763)	(80, 39.291532796468154)	(85, 39.284541434963955)	(90, 39.267066480463754)	(95, 39.261607043742124)	(100, 39.23293105219945)	(105, 39.2125496581033)	(110, 39.164023458151675)	(115, 39.13831762776983)	(120, 39.109740853246954)	(125, 39.072698711298244)	(130, 39.02580895306967)	(135, 38.988075472263645)	(140, 38.94413436211866)	(145, 38.93871949326031)	(150, 39.03380755169249)
DRR898359_1_paired	(1, 38.805535423982946)	(2, 39.311079207998205)	(3, 39.37187047603467)	(4, 39.44073789614675)	(5, 39.454136802606406)	(6, 39.4117953440033)	(7, 39.4067985707352)	(8, 39.41261811552843)	(9, 39.407400011908535)	(10, 39.41877302391991)	(15, 39.603001191454965)	(20, 39.64172967264158)	(25, 39.521188592104394)	(30, 39.50326299879772)	(35, 39.545929059240315)	(40, 39.55931255890037)	(45, 39.5652836729828)	(50, 39.57231576050795)	(55, 39.56483160297728)	(60, 39.564987495399585)	(65, 39.56195424514289)	(70, 39.551687687095566)	(75, 39.54088095106683)	(80, 39.522650913028265)	(85, 39.507959010183484)	(90, 39.4842962940398)	(95, 39.4522397809907)	(100, 39.44340487942075)	(105, 39.415637324325516)	(110, 39.388587323599616)	(115, 39.36242745390136)	(120, 39.337844101974554)	(125, 39.30234871902947)	(130, 39.26910091127836)	(135, 39.22746755056686)	(140, 39.21750963656736)	(145, 39.18320917076731)	(150, 39.20655022060198)
DRR898359_2_paired	(1, 38.07837740794492)	(2, 39.00740193652029)	(3, 39.0930435509568)	(4, 39.228465248428286)	(5, 39.30635789478749)	(6, 39.322351418468934)	(7, 39.34120780213548)	(8, 39.35771375369661)	(9, 39.3899173198819)	(10, 39.441785847247175)	(15, 39.49380497548225)	(20, 39.53301845883105)	(25, 39.368770167074345)	(30, 39.34693616844684)	(35, 39.38966138180423)	(40, 39.413403315877076)	(45, 39.43702013536953)	(50, 39.459377999844406)	(55, 39.46601247076309)	(60, 39.47534061540022)	(65, 39.47812127810165)	(70, 39.4771676897277)	(75, 39.46508470381015)	(80, 39.451741989981244)	(85, 39.445305662717104)	(90, 39.42790046775956)	(95, 39.42121223776814)	(100, 39.3982648819656)	(105, 39.37753086156272)	(110, 39.333902911580644)	(115, 39.31377943771544)	(120, 39.291310949933596)	(125, 39.26074501335918)	(130, 39.21374075863468)	(135, 39.184045275581255)	(140, 39.147242275763894)	(145, 39.13792764395955)	(150, 39.1874411796793)
DRR898360_1_paired	(1, 38.6421834344861)	(2, 39.2014378164214)	(3, 39.253412742305756)	(4, 39.3857670345877)	(5, 39.38955133089894)	(6, 39.35454869173958)	(7, 39.33524890065051)	(8, 39.352195966739984)	(9, 39.33926018268147)	(10, 39.36302138409647)	(15, 39.56653942255553)	(20, 39.61175665929864)	(25, 39.457543762306315)	(30, 39.43756781798868)	(35, 39.48478387964411)	(40, 39.50416855078023)	(45, 39.511292364088504)	(50, 39.519708093516726)	(55, 39.51146752518555)	(60, 39.511234168013075)	(65, 39.50547141836557)	(70, 39.494214183129046)	(75, 39.48148472415032)	(80, 39.459141579274785)	(85, 39.44206975321147)	(90, 39.41334816663315)	(95, 39.37443209718231)	(100, 39.363168606009694)	(105, 39.3302697801959)	(110, 39.299783612854846)	(115, 39.27183704156821)	(120, 39.242343058173745)	(125, 39.20087736155243)	(130, 39.15859123573423)	(135, 39.114345655162246)	(140, 39.10614833533411)	(145, 39.072478346633496)	(150, 39.117557826862495)
DRR898360_2_paired	(1, 37.42823137891423)	(2, 38.43567627032438)	(3, 38.568187290841365)	(4, 38.89925076697754)	(5, 39.00278928219069)	(6, 39.03246316135862)	(7, 39.081672224213854)	(8, 39.11446265334297)	(9, 39.15023031844655)	(10, 39.24478548348259)	(15, 39.31759829892818)	(20, 39.373621977502)	(25, 39.10695410985268)	(30, 39.078043575253275)	(35, 39.14462246085161)	(40, 39.194603292072756)	(45, 39.23431776409386)	(50, 39.27000937830792)	(55, 39.28920064971093)	(60, 39.31028085118639)	(65, 39.31793164964735)	(70, 39.32359178429771)	(75, 39.31348154818111)	(80, 39.301065289486566)	(85, 39.29144477707464)	(90, 39.27278209615018)	(95, 39.264574404807796)	(100, 39.23460301484172)	(105, 39.21392482377943)	(110, 39.16280952376055)	(115, 39.133371075773404)	(120, 39.105649109124776)	(125, 39.06864067651909)	(130, 39.02089153353477)	(135, 38.98009164108532)	(140, 38.935456077842225)	(145, 38.92956566650784)	(150, 39.02731310190957)
DRR898362_1_paired	(1, 31.606239022397112)	(2, 31.643153837672685)	(3, 35.582782991473806)	(4, 36.16209972837158)	(5, 36.27044450484562)	(6, 39.84775660395491)	(7, 39.97175465356027)	(8, 40.075859031512316)	(9, 40.109085902856435)	(10, 40.04945417840215)	(15, 40.01438681372847)	(20, 39.98837887890042)	(25, 39.92824976843485)	(30, 39.8462611441647)	(35, 39.84052917172317)	(40, 39.82073031546341)	(45, 39.776140302089104)	(50, 39.728095436296655)	(55, 39.71686284264803)	(60, 39.67442719736194)	(65, 39.63463352937062)	(70, 39.59650698434295)	(75, 39.17438989237006)	(80, 39.54565341190907)	(85, 39.487033787749496)	(90, 39.34953749514994)	(95, 39.22470701227064)	(100, 39.091181587802865)	(105, 38.96134927068026)	(110, 38.7456811394726)	(115, 38.544184834386165)	(120, 38.342578248255535)	(125, 38.18134676032494)	(130, 38.027986931675045)	(135, 37.89939035298386)	(140, 37.63496923433604)	(145, 37.51764234443009)	(150, 36.10988378859827)
DRR898362_2_paired	(1, 31.507628531184203)	(2, 31.376121344262934)	(3, 34.7936425860535)	(4, 35.660527561706)	(5, 35.93637161739483)	(6, 39.25425410670687)	(7, 39.36496494537067)	(8, 39.3901143056259)	(9, 39.45231349940775)	(10, 39.45311735916093)	(15, 39.36027491838471)	(20, 39.32125110623578)	(25, 39.249565494759345)	(30, 39.183343936294975)	(35, 39.070426940205905)	(40, 39.055607545482374)	(45, 39.017016568709714)	(50, 38.96424788093776)	(55, 38.926491784233086)	(60, 38.84120036011957)	(65, 38.632532896931764)	(70, 38.635455165286245)	(75, 37.87208803716307)	(80, 38.385584688337275)	(85, 38.35313593409846)	(90, 38.00382376846941)	(95, 37.99864205473047)	(100, 37.76595429965805)	(105, 37.42031180798447)	(110, 37.24738107117792)	(115, 37.13031020047721)	(120, 37.0426338908847)	(125, 36.88816148983186)	(130, 36.81826630414943)	(135, 36.540122431853796)	(140, 36.388874909303)	(145, 36.06538592821159)	(150, 34.76133077228917)
DRR898363_1_paired	(1, 35.16639247371721)	(2, 36.07061973436425)	(3, 36.19509851745703)	(4, 36.27219508597061)	(5, 36.30161173746066)	(6, 36.26223250979129)	(7, 36.200381500169385)	(8, 36.16547769455881)	(9, 36.151520658762664)	(10, 36.19846723162961)	(15, 36.443011881863455)	(20, 36.48438560184751)	(25, 36.38850427524282)	(30, 36.39988844713006)	(35, 36.470155865974974)	(40, 36.488824767402335)	(45, 36.52113770627883)	(50, 36.54367566723924)	(55, 36.53845316727918)	(60, 36.524701364787845)	(65, 36.5310561639519)	(70, 36.52830972809282)	(75, 36.501831795374606)	(80, 36.48751813718174)	(85, 36.49250473555945)	(90, 36.465920550553825)	(95, 36.45736810819329)	(100, 36.4417947275776)	(105, 36.42385572782506)	(110, 36.404238497957)	(115, 36.36465033943768)	(120, 36.35225933905978)	(125, 36.334522277760115)	(130, 36.322582522792075)	(135, 36.2736896870127)	(140, 36.2707366151706)	(145, 36.228486511657806)	(150, 36.368640606818374)
DRR898363_2_paired	(1, 33.87592955972356)	(2, 35.91877171697509)	(3, 36.003014664982096)	(4, 36.16748975245832)	(5, 36.207690228249945)	(6, 36.25232544390172)	(7, 36.26746112283629)	(8, 36.28032354134357)	(9, 36.3177850025645)	(10, 36.407336103017975)	(15, 36.479083380637476)	(20, 36.5127634505044)	(25, 36.387866515242706)	(30, 36.38327824760859)	(35, 36.44623204525048)	(40, 36.47419485504905)	(45, 36.50410702034476)	(50, 36.52031801474947)	(55, 36.52708359938388)	(60, 36.53369854743585)	(65, 36.53674981029421)	(70, 36.522126293763165)	(75, 36.512266026376174)	(80, 36.51564006922832)	(85, 36.52094450677366)	(90, 36.48649602885199)	(95, 36.48861547362426)	(100, 36.44465741232561)	(105, 36.42282783383126)	(110, 36.39184386616711)	(115, 36.39015751374458)	(120, 36.37005051323742)	(125, 36.35706190434088)	(130, 36.33384984723316)	(135, 36.29583664576442)	(140, 36.25978760702667)	(145, 36.25433003990089)	(150, 36.41866162471091)
DRR898364_1_paired	(1, 35.186381294942144)	(2, 36.07505846936185)	(3, 36.19938500270587)	(4, 36.27294096411322)	(5, 36.309141772188696)	(6, 36.26264143264556)	(7, 36.206868810605236)	(8, 36.17112974063231)	(9, 36.164525466073236)	(10, 36.202454986450384)	(15, 36.44509991424381)	(20, 36.48901823865505)	(25, 36.39440877748584)	(30, 36.404905984240735)	(35, 36.477834337758324)	(40, 36.49590581913744)	(45, 36.52637107345906)	(50, 36.54876670383834)	(55, 36.54444215728339)	(60, 36.52972048077242)	(65, 36.53492534741547)	(70, 36.531025387603634)	(75, 36.50948113589955)	(80, 36.49485562392424)	(85, 36.49893750059332)	(90, 36.47401626450586)	(95, 36.464976124410256)	(100, 36.45056417217)	(105, 36.430502462479936)	(110, 36.41153958673739)	(115, 36.372859995583006)	(120, 36.36106038738743)	(125, 36.34408707701112)	(130, 36.33127246710719)	(135, 36.28389895928467)	(140, 36.2811928841161)	(145, 36.23863430462181)	(150, 36.37634784190506)
DRR898364_2_paired	(1, 33.85603235817356)	(2, 35.88742615486074)	(3, 35.9860630133921)	(4, 36.12769627503096)	(5, 36.130535660141824)	(6, 36.17092557532196)	(7, 36.2458515400453)	(8, 36.26144415859048)	(9, 36.286846852693714)	(10, 36.376106168665565)	(15, 36.45431229923604)	(20, 36.496617447277856)	(25, 36.36235124072679)	(30, 36.35798690299815)	(35, 36.4223463286025)	(40, 36.456019379588014)	(45, 36.48595356950722)	(50, 36.50581571324727)	(55, 36.51398968884354)	(60, 36.52382352985096)	(65, 36.52682322888692)	(70, 36.51155315610862)	(75, 36.50341124954233)	(80, 36.507436913421394)	(85, 36.51472108420608)	(90, 36.476902983014135)	(95, 36.48185735252024)	(100, 36.43673551336815)	(105, 36.41600058965624)	(110, 36.387037983893)	(115, 36.3818665751802)	(120, 36.361188467496106)	(125, 36.34940266025418)	(130, 36.325774911961254)	(135, 36.289707361989386)	(140, 36.25184693148026)	(145, 36.24824235579747)	(150, 36.41616642928669)
DRR898365_1_paired	(1, 35.210314121044)	(2, 36.07897709359215)	(3, 36.1977839069197)	(4, 36.270213504324296)	(5, 36.30077957544099)	(6, 36.259602553372304)	(7, 36.19177245863018)	(8, 36.16077732237648)	(9, 36.143104753134445)	(10, 36.182062506662795)	(15, 36.42939553605924)	(20, 36.47091271038368)	(25, 36.37699243106417)	(30, 36.386903419894864)	(35, 36.45930286724846)	(40, 36.478527630002446)	(45, 36.50891898831341)	(50, 36.53059737787631)	(55, 36.52765083628581)	(60, 36.513595125804855)	(65, 36.518809090320396)	(70, 36.51491975684682)	(75, 36.490791963156376)	(80, 36.4747463925605)	(85, 36.477287029693436)	(90, 36.45196422429136)	(95, 36.442624464125714)	(100, 36.429383839035566)	(105, 36.409191791211484)	(110, 36.39147205731206)	(115, 36.34964553365413)	(120, 36.337751686785474)	(125, 36.32253145748343)	(130, 36.308529847403726)	(135, 36.26327295397863)	(140, 36.25924455459697)	(145, 36.21625882943862)	(150, 36.36289768311255)
DRR898365_2_paired	(1, 33.86962997573797)	(2, 35.904953566457465)	(3, 35.998256899253995)	(4, 36.158055499480966)	(5, 36.20676176413439)	(6, 36.246997111087424)	(7, 36.26416954537241)	(8, 36.271872304166735)	(9, 36.31487408166829)	(10, 36.39449972517149)	(15, 36.468124958889135)	(20, 36.49812330311354)	(25, 36.37828310435998)	(30, 36.37213533810711)	(35, 36.43658178503765)	(40, 36.464656375501534)	(45, 36.48936003704422)	(50, 36.50644166307892)	(55, 36.51288359929934)	(60, 36.520754066817474)	(65, 36.52403173452002)	(70, 36.50683596658457)	(75, 36.49759679199843)	(80, 36.50189189365737)	(85, 36.50630479495065)	(90, 36.46984330389969)	(95, 36.47431044244409)	(100, 36.42880910461447)	(105, 36.40677272945463)	(110, 36.37813293886908)	(115, 36.37133769762388)	(120, 36.354855066197835)	(125, 36.34008254968115)	(130, 36.316716602429715)	(135, 36.28030668347409)	(140, 36.24089882054407)	(145, 36.23610743143378)	(150, 36.40938891248045)
DRR898366_1_paired	(1, 35.21757993369928)	(2, 36.06951945450135)	(3, 36.19212476754319)	(4, 36.268178706506994)	(5, 36.299119404191856)	(6, 36.25478631941138)	(7, 36.19648767866608)	(8, 36.161898824015594)	(9, 36.14978070451258)	(10, 36.192771172660386)	(15, 36.43266552272462)	(20, 36.47635608340595)	(25, 36.37776040103853)	(30, 36.3879758155079)	(35, 36.458944420150694)	(40, 36.47849200740003)	(45, 36.51301362808421)	(50, 36.53526615437477)	(55, 36.53171429417389)	(60, 36.51596201737078)	(65, 36.52322924229193)	(70, 36.51953912014738)	(75, 36.49678422527819)	(80, 36.48172098854202)	(85, 36.483412098275885)	(90, 36.460464835819806)	(95, 36.44911871543675)	(100, 36.43483932412256)	(105, 36.41603113306046)	(110, 36.39744094526149)	(115, 36.35807110721406)	(120, 36.344247587860536)	(125, 36.32740884009671)	(130, 36.31195060232676)	(135, 36.271106558716326)	(140, 36.2653109382037)	(145, 36.220824598463096)	(150, 36.36482605106022)
DRR898366_2_paired	(1, 33.980543522203554)	(2, 35.9423525078384)	(3, 36.04119736593868)	(4, 36.19823593355553)	(5, 36.23426938936853)	(6, 36.26989174475119)	(7, 36.2897708222907)	(8, 36.29313473061961)	(9, 36.33021606130571)	(10, 36.4173007878826)	(15, 36.48766630431853)	(20, 36.52164167063453)	(25, 36.424195200833694)	(30, 36.421364141908704)	(35, 36.4755245613368)	(40, 36.50030654700346)	(45, 36.521884713832286)	(50, 36.537522844339534)	(55, 36.5424482567118)	(60, 36.54815162943286)	(65, 36.550859954086114)	(70, 36.53359599949404)	(75, 36.52472472982096)	(80, 36.528643288641504)	(85, 36.533339305923434)	(90, 36.49974085281748)	(95, 36.50341555594889)	(100, 36.460308879307085)	(105, 36.438184359935256)	(110, 36.41113699851684)	(115, 36.40392654824284)	(120, 36.385964143983614)	(125, 36.37279509883837)	(130, 36.349710095524934)	(135, 36.31311496562452)	(140, 36.27662826657921)	(145, 36.2721230577136)	(150, 36.42234448520576)
DRR898368_1_paired	(1, 35.348942168964506)	(2, 36.14242253920657)	(3, 36.2699851793926)	(4, 36.34538915235038)	(5, 36.375370095914676)	(6, 36.341700531730616)	(7, 36.29002246809832)	(8, 36.257845027142366)	(9, 36.250891368733164)	(10, 36.2920424406996)	(15, 36.51055885621137)	(20, 36.54979652211663)	(25, 36.463272349864084)	(30, 36.47524479398014)	(35, 36.53821739054466)	(40, 36.558334212513515)	(45, 36.586020672871896)	(50, 36.6082583002937)	(55, 36.60371762000406)	(60, 36.589614323769744)	(65, 36.59203905261904)	(70, 36.58987593984294)	(75, 36.56925084536185)	(80, 36.555663483339494)	(85, 36.55705259705917)	(90, 36.53828085887368)	(95, 36.52507681808452)	(100, 36.511885301962856)	(105, 36.496634044246534)	(110, 36.47453031589471)	(115, 36.44271497346078)	(120, 36.42906642327695)	(125, 36.41294393945126)	(130, 36.40045340913097)	(135, 36.35837582618872)	(140, 36.353225443502495)	(145, 36.30847574665593)	(150, 36.4086042118598)
DRR898368_2_paired	(1, 34.30345732714442)	(2, 36.058707430284926)	(3, 36.16058724680264)	(4, 36.293672276264175)	(5, 36.32337530349183)	(6, 36.35669076392972)	(7, 36.37084341379011)	(8, 36.37458234685013)	(9, 36.40605876780521)	(10, 36.48794700806293)	(15, 36.549547068246184)	(20, 36.57959250756723)	(25, 36.48632924748402)	(30, 36.48053354186642)	(35, 36.53308494326948)	(40, 36.555640485546874)	(45, 36.578662743596404)	(50, 36.591880332350954)	(55, 36.59793521284166)	(60, 36.602537197376954)	(65, 36.60462930075096)	(70, 36.58968399360741)	(75, 36.580389615002616)	(80, 36.58396959115326)	(85, 36.5873075696807)	(90, 36.55514118352704)	(95, 36.55939114311455)	(100, 36.51793648164379)	(105, 36.500477372629845)	(110, 36.47334815567247)	(115, 36.46814589375409)	(120, 36.448580623277905)	(125, 36.43373862120721)	(130, 36.40980827776174)	(135, 36.378143955353444)	(140, 36.34430762783294)	(145, 36.33875232800938)	(150, 36.45699037350079)
DRR898372_1_paired	(1, 35.20184763933986)	(2, 36.09357961990691)	(3, 36.225493933819386)	(4, 36.30100438191995)	(5, 36.340048650974346)	(6, 36.306213976080265)	(7, 36.250892604248236)	(8, 36.21734901193635)	(9, 36.2135815996605)	(10, 36.26361261906699)	(15, 36.488805179505825)	(20, 36.531021170622424)	(25, 36.43598839197945)	(30, 36.44817093310099)	(35, 36.51435977905342)	(40, 36.53391344761597)	(45, 36.566583217704455)	(50, 36.587718211321956)	(55, 36.58581401745981)	(60, 36.571271560049865)	(65, 36.57338931113137)	(70, 36.57168142496717)	(75, 36.549218401590416)	(80, 36.53738804164045)	(85, 36.53858454779775)	(90, 36.5143074593529)	(95, 36.50424576145107)	(100, 36.49077540522337)	(105, 36.47367444194187)	(110, 36.454237026257644)	(115, 36.42044938407381)	(120, 36.40232236159089)	(125, 36.38942740150857)	(130, 36.37379240433622)	(135, 36.332090643887646)	(140, 36.32674963699823)	(145, 36.28472395934737)	(150, 36.40187972053302)
DRR898372_2_paired	(1, 34.00584860373468)	(2, 35.94584050830663)	(3, 36.03194508829995)	(4, 36.188401976225315)	(5, 36.22826166854025)	(6, 36.269032341529055)	(7, 36.28718040945616)	(8, 36.30846472069303)	(9, 36.340676879712326)	(10, 36.43030806729986)	(15, 36.49759930375399)	(20, 36.534193872760646)	(25, 36.42225517455644)	(30, 36.419719227817694)	(35, 36.479190877423356)	(40, 36.50881903771222)	(45, 36.53208613247331)	(50, 36.552798198044464)	(55, 36.56056071870452)	(60, 36.56629092161647)	(65, 36.570594752775975)	(70, 36.55486038171681)	(75, 36.54789167347693)	(80, 36.551001568310404)	(85, 36.55373547706922)	(90, 36.52037685656716)	(95, 36.52269089790498)	(100, 36.48167420751663)	(105, 36.45978817943576)	(110, 36.43453014693243)	(115, 36.42772135560523)	(120, 36.4066390658947)	(125, 36.393028788284845)	(130, 36.369524476228214)	(135, 36.334407975892155)	(140, 36.297110738599415)	(145, 36.29183713909079)	(150, 36.43628779974401)
DRR898376_1_paired	(1, 38.80796686348815)	(2, 39.318800438127134)	(3, 39.324997796774475)	(4, 39.26747157839076)	(5, 39.02578718100442)	(6, 39.13409145274396)	(7, 39.15011204975513)	(8, 38.93800123380629)	(9, 38.98154955998439)	(10, 38.95666821941607)	(15, 39.13812052273099)	(20, 39.50602047111256)	(25, 39.373459315867)	(30, 39.36413085900615)	(35, 39.401223407582165)	(40, 39.45375164683677)	(45, 39.36534594326902)	(50, 39.43868015999313)	(55, 39.41693971834063)	(60, 39.45893020523423)	(65, 39.44984390263447)	(70, 39.426562747256035)	(75, 39.39999808953506)	(80, 39.399495882388635)	(85, 39.35003272190428)	(90, 39.34352379290467)	(95, 39.302585558638135)	(100, 39.28193678906648)	(105, 39.22793106685573)	(110, 39.273593615645105)	(115, 39.23608061411342)	(120, 39.20244330064356)	(125, 39.200673023058364)	(130, 39.18879687551477)	(135, 39.14133437307011)	(140, 39.13689496204157)	(145, 39.035278087986384)	(150, 39.13811912245298)
DRR898376_2_paired	(1, 38.51016316458724)	(2, 39.139926852912666)	(3, 39.19116443616311)	(4, 39.33665600725176)	(5, 39.36857759760289)	(6, 39.36408301753767)	(7, 39.3411631771771)	(8, 39.40143398506843)	(9, 39.363867416183005)	(10, 39.36937012929786)	(15, 39.388319127774494)	(20, 39.39804668320134)	(25, 39.28861561898047)	(30, 39.289887509599765)	(35, 39.29610518683384)	(40, 39.164108032474225)	(45, 39.32344536741225)	(50, 39.31758980446981)	(55, 39.36290119698102)	(60, 39.26825593509708)	(65, 39.32042313664938)	(70, 39.32801266887127)	(75, 39.32384017306098)	(80, 39.29851297607442)	(85, 39.293202842722465)	(90, 39.273482755255245)	(95, 39.233560262115056)	(100, 39.176552773360726)	(105, 39.20663450977816)	(110, 39.16052108460817)	(115, 39.173419084485474)	(120, 39.10867602129514)	(125, 39.091640264715)	(130, 39.03500094068069)	(135, 38.98627718209129)	(140, 39.047370800777244)	(145, 39.07633780752313)	(150, 39.19192420393861)
DRR898377_1_paired	(1, 38.78414367256167)	(2, 39.27679731662958)	(3, 39.277375584004155)	(4, 39.24791672949806)	(5, 39.00643437189804)	(6, 39.1020989401054)	(7, 39.09140951689105)	(8, 38.886986099291526)	(9, 38.91247706927276)	(10, 38.90665768013816)	(15, 39.10528137756138)	(20, 39.47773618157333)	(25, 39.333982846045814)	(30, 39.32333092497866)	(35, 39.365974122964516)	(40, 39.41677196835707)	(45, 39.330559967257805)	(50, 39.40483144033843)	(55, 39.38394532837016)	(60, 39.42726031718903)	(65, 39.423132063274466)	(70, 39.3928818888272)	(75, 39.36620045249428)	(80, 39.36535212032539)	(85, 39.308507546759294)	(90, 39.30524905960638)	(95, 39.262749387445616)	(100, 39.242273250742855)	(105, 39.19083814776461)	(110, 39.23573218032788)	(115, 39.193308108174094)	(120, 39.16616898895316)	(125, 39.16146489128531)	(130, 39.14873942000598)	(135, 39.10143476590398)	(140, 39.097438455622274)	(145, 38.98684023876546)	(150, 39.10703156846334)
DRR898377_2_paired	(1, 38.48435989997679)	(2, 39.031622439921165)	(3, 39.057129145069055)	(4, 39.27200989217477)	(5, 39.313485168949796)	(6, 39.302182074235894)	(7, 39.26128637609933)	(8, 39.34452278517695)	(9, 39.29459510138037)	(10, 39.31268477347261)	(15, 39.33199129845285)	(20, 39.34612672316466)	(25, 39.219352419216314)	(30, 39.21908911742762)	(35, 39.23058431735399)	(40, 39.09466862840894)	(45, 39.260927920497046)	(50, 39.25440556583057)	(55, 39.30496084757)	(60, 39.206194141483124)	(65, 39.26077741811864)	(70, 39.26742046253486)	(75, 39.26748235788482)	(80, 39.23724454280347)	(85, 39.2361430826428)	(90, 39.215702119460936)	(95, 39.1740592749038)	(100, 39.11375464463386)	(105, 39.14352212820371)	(110, 39.09730247516181)	(115, 39.1065584151565)	(120, 39.04220795936154)	(125, 39.02196094218628)	(130, 38.96220556764125)	(135, 38.91407549693388)	(140, 38.98096844284905)	(145, 39.018362520278174)	(150, 39.14942732228342)
DRR898379_1_paired	(1, 38.70367879615864)	(2, 39.23489702659999)	(3, 39.315993701587466)	(4, 39.361160006491644)	(5, 39.32172002459876)	(6, 39.27869009954032)	(7, 39.274878159586926)	(8, 39.24581449210229)	(9, 39.245823176573204)	(10, 39.22665416102855)	(15, 39.47431334330962)	(20, 39.52136168161753)	(25, 39.36196972484883)	(30, 39.34548877016494)	(35, 39.42061170331239)	(40, 39.424269076340934)	(45, 39.431288559761136)	(50, 39.43675952274143)	(55, 39.41521815323783)	(60, 39.39307324100163)	(65, 39.39552381951999)	(70, 39.405080923022)	(75, 39.36034918746908)	(80, 39.36799966132305)	(85, 39.36703482893709)	(90, 39.32059620548641)	(95, 39.31925088045635)	(100, 39.314750647154675)	(105, 39.28227937193658)	(110, 39.22395154938495)	(115, 39.22790728800802)	(120, 39.19853490254559)	(125, 39.17006486026416)	(130, 39.094397341823324)	(135, 39.01476281020557)	(140, 39.02486477361016)	(145, 39.00048209052885)	(150, 39.07759410719034)
DRR898379_2_paired	(1, 38.01918888127189)	(2, 38.90390035872293)	(3, 39.028704890279855)	(4, 39.17448676133826)	(5, 39.20209143770873)	(6, 39.18186964717709)	(7, 39.25240057773443)	(8, 39.29898190861874)	(9, 39.33502029180908)	(10, 39.381349555925006)	(15, 39.41739423535676)	(20, 39.48869200469612)	(25, 39.28403853951082)	(30, 39.25327184727924)	(35, 39.31845075957473)	(40, 39.34575545263186)	(45, 39.322011862716785)	(50, 39.34905850176296)	(55, 39.369877067077674)	(60, 39.36722867043623)	(65, 39.35450428285612)	(70, 39.36324854288604)	(75, 39.35028247789702)	(80, 39.33682714750311)	(85, 39.354131494047955)	(90, 39.313735999229245)	(95, 39.270034447967376)	(100, 39.27385932648974)	(105, 39.266182250659874)	(110, 39.27854133760478)	(115, 39.248366936663594)	(120, 39.23115779695861)	(125, 39.20667046902365)	(130, 39.15864294374712)	(135, 39.116307468364724)	(140, 39.111611080365066)	(145, 39.06034434588319)	(150, 39.087027501033496)
DRR898407_1_paired	(1, 38.65581768189145)	(2, 39.202318410232984)	(3, 39.1999125128214)	(4, 39.12577251609678)	(5, 38.85033443374678)	(6, 38.960770835308615)	(7, 38.98645241645621)	(8, 38.74696165217166)	(9, 38.81351870846514)	(10, 38.77670039735556)	(15, 38.993104889800634)	(20, 39.384867734900915)	(25, 39.202515148642014)	(30, 39.18212029271572)	(35, 39.23120680308324)	(40, 39.29115281247861)	(45, 39.200721588972876)	(50, 39.283314387027886)	(55, 39.26193783916521)	(60, 39.31085050219761)	(65, 39.30555067542368)	(70, 39.28221337103154)	(75, 39.25137914666388)	(80, 39.25054702655976)	(85, 39.19351581131967)	(90, 39.193582077113355)	(95, 39.148471727551986)	(100, 39.12620694401531)	(105, 39.07254754285259)	(110, 39.12283473774121)	(115, 39.08101659459048)	(120, 39.050452800967925)	(125, 39.04812469229066)	(130, 39.03843037336172)	(135, 38.99036095013089)	(140, 38.98990903165331)	(145, 38.87225738765212)	(150, 39.025207577357726)
DRR898407_2_paired	(1, 38.26692639871743)	(2, 38.954318117172484)	(3, 38.99738615892498)	(4, 39.16992552815535)	(5, 39.190433298568315)	(6, 39.19234681124318)	(7, 39.17317289707543)	(8, 39.24110475188981)	(9, 39.21399450080592)	(10, 39.21708672004964)	(15, 39.24340872458347)	(20, 39.25995242076592)	(25, 39.10731983243834)	(30, 39.107612030995455)	(35, 39.119678997123216)	(40, 38.97587095535507)	(45, 39.15559655424883)	(50, 39.15443659897322)	(55, 39.208529045441686)	(60, 39.1085083423673)	(65, 39.16738873356799)	(70, 39.1768205863237)	(75, 39.17870151441681)	(80, 39.148925623430294)	(85, 39.14876680326837)	(90, 39.12543630193234)	(95, 39.08420512518455)	(100, 39.022340670805576)	(105, 39.05760230551211)	(110, 39.00938050095551)	(115, 39.02411236775082)	(120, 38.95297090170148)	(125, 38.937284700197765)	(130, 38.870837686160975)	(135, 38.818126299047435)	(140, 38.89390665280012)	(145, 38.9310615185796)	(150, 39.08537764818671)
DRR898409_1_paired	(1, 38.800286439106706)	(2, 39.28543805014165)	(3, 39.361219512646436)	(4, 39.40003589740743)	(5, 39.405564838304386)	(6, 39.35634283134325)	(7, 39.371256908863145)	(8, 39.387888140717834)	(9, 39.38826191784675)	(10, 39.395728948668555)	(15, 39.568295557788346)	(20, 39.60917493324747)	(25, 39.48708285454703)	(30, 39.46552535115622)	(35, 39.505521057463326)	(40, 39.52045765691005)	(45, 39.52772464112053)	(50, 39.533732326912585)	(55, 39.52882746473427)	(60, 39.52848218803618)	(65, 39.52821470500926)	(70, 39.5198918872015)	(75, 39.51040209886511)	(80, 39.49470365859807)	(85, 39.484588832573706)	(90, 39.46157508514044)	(95, 39.42955955180069)	(100, 39.4242500685288)	(105, 39.40048385934221)	(110, 39.37626206924095)	(115, 39.35528749455178)	(120, 39.32905850228836)	(125, 39.29445212579807)	(130, 39.25595409451871)	(135, 39.21536924529512)	(140, 39.203677922694)	(145, 39.16494816190419)	(150, 39.19281539231699)
DRR898409_2_paired	(1, 38.47221744206917)	(2, 39.222232707719236)	(3, 39.31119166439995)	(4, 39.34885988723773)	(5, 39.42052517536994)	(6, 39.4432423130513)	(7, 39.466499762225936)	(8, 39.476116196577166)	(9, 39.4995216762979)	(10, 39.53733219349812)	(15, 39.58437093494242)	(20, 39.60425143728408)	(25, 39.47600665397305)	(30, 39.45144135492359)	(35, 39.48116847879561)	(40, 39.497138440753815)	(45, 39.51099076220121)	(50, 39.52321419618878)	(55, 39.52730103839059)	(60, 39.53423796523756)	(65, 39.53373609593585)	(70, 39.53148855420132)	(75, 39.52093451761556)	(80, 39.50745002248378)	(85, 39.5035211784421)	(90, 39.48671200490746)	(95, 39.48226695600242)	(100, 39.46022436935228)	(105, 39.44601844645079)	(110, 39.405551423837885)	(115, 39.390075560367265)	(120, 39.36793527111791)	(125, 39.340589925954966)	(130, 39.30325422468214)	(135, 39.27571790287518)	(140, 39.240154743998275)	(145, 39.23043144183618)	(150, 39.2526407404259)
DRR898410_1_paired	(1, 38.731500954510956)	(2, 39.231828320733754)	(3, 39.29036278075548)	(4, 39.37162095153339)	(5, 39.38522502176694)	(6, 39.341445705366596)	(7, 39.32541486801541)	(8, 39.33426196099621)	(9, 39.326257720099385)	(10, 39.34692928580415)	(15, 39.53976204649432)	(20, 39.583361662264124)	(25, 39.436767614692926)	(30, 39.413607066829556)	(35, 39.45791674296338)	(40, 39.47839225313362)	(45, 39.483210344657266)	(50, 39.49342199672925)	(55, 39.48671137720758)	(60, 39.48794848133212)	(65, 39.48383233570657)	(70, 39.4772908046535)	(75, 39.46479827954361)	(80, 39.44520445569485)	(85, 39.43392424762807)	(90, 39.40645380202118)	(95, 39.37282943642286)	(100, 39.36293148136719)	(105, 39.335369218929856)	(110, 39.308248225744954)	(115, 39.28413025249418)	(120, 39.25617086348924)	(125, 39.21891225089631)	(130, 39.18148330576012)	(135, 39.13782441552894)	(140, 39.132828829971594)	(145, 39.097452299158235)	(150, 39.14048781214032)
DRR898410_2_paired	(1, 37.86664672106995)	(2, 38.73472633824767)	(3, 38.86995130055834)	(4, 39.054635317833004)	(5, 39.14944904252812)	(6, 39.173886996461874)	(7, 39.20328503026681)	(8, 39.2265747647137)	(9, 39.25561606089844)	(10, 39.32951278440609)	(15, 39.39333961350095)	(20, 39.43249855937457)	(25, 39.207960100561955)	(30, 39.17562597344778)	(35, 39.22990818749802)	(40, 39.26786310134898)	(45, 39.30082500850712)	(50, 39.329680687333735)	(55, 39.34377877115021)	(60, 39.35947319970048)	(65, 39.36629769132071)	(70, 39.37174895341871)	(75, 39.36082371115405)	(80, 39.35056802122165)	(85, 39.342283322879275)	(90, 39.327119756763764)	(95, 39.321341647856784)	(100, 39.29504033979816)	(105, 39.276765265881565)	(110, 39.23053733772409)	(115, 39.207839543397505)	(120, 39.18276640205512)	(125, 39.148292613895265)	(130, 39.104719379511025)	(135, 39.069886325684614)	(140, 39.029410336558726)	(145, 39.02680123108234)	(150, 39.102124247610035)
DRR898411_1_paired	(1, 31.452612049566905)	(2, 31.661688719521592)	(3, 35.609860978391545)	(4, 36.265623555069205)	(5, 36.45743811843038)	(6, 39.977741322708916)	(7, 40.054407424247096)	(8, 40.122349033630286)	(9, 40.138300106346904)	(10, 40.18376071175365)	(15, 40.18187575136402)	(20, 40.11811943219999)	(25, 40.03977566967726)	(30, 39.999794241854445)	(35, 39.98272435192967)	(40, 39.97600022943659)	(45, 39.95146601812943)	(50, 39.9424315279591)	(55, 39.853320601938705)	(60, 39.89268429091031)	(65, 39.848700094043)	(70, 39.82755089768518)	(75, 39.621539573080476)	(80, 39.895721644800616)	(85, 39.85259634581005)	(90, 39.82345454655532)	(95, 39.79637751831412)	(100, 39.74583806634848)	(105, 39.746845897265096)	(110, 39.70207404071529)	(115, 39.63186600989349)	(120, 39.56884925580145)	(125, 39.54460890540564)	(130, 39.44548686141946)	(135, 39.374982155596655)	(140, 39.29669579227933)	(145, 39.17712564328978)	(150, 38.744910820219914)
DRR898411_2_paired	(1, 31.384888143090535)	(2, 31.434275877747297)	(3, 35.074571915169074)	(4, 35.827544619463026)	(5, 36.01429036558676)	(6, 39.31828068647699)	(7, 39.44056806972658)	(8, 39.57150577201689)	(9, 39.638748034894114)	(10, 39.61957168398015)	(15, 39.52329671557597)	(20, 39.451618515150585)	(25, 39.39973991245646)	(30, 39.392381554206096)	(35, 39.245851351764955)	(40, 39.229857594182704)	(45, 39.240226377049915)	(50, 39.19544748137346)	(55, 39.1696471319425)	(60, 39.13628552930311)	(65, 39.08486328932721)	(70, 39.01616121806616)	(75, 38.71536007253711)	(80, 39.10687310104389)	(85, 39.081258891720275)	(90, 39.074666564033066)	(95, 39.0406347999306)	(100, 39.002149867760714)	(105, 38.89011093025225)	(110, 38.78196834729979)	(115, 38.746373345217414)	(120, 38.678019078491026)	(125, 38.477178337316076)	(130, 38.34439832752447)	(135, 38.23211307344544)	(140, 38.03223076235143)	(145, 37.896687040283915)	(150, 37.31490492912352)
DRR898421_1_paired	(1, 38.8553596818779)	(2, 39.284248573119484)	(3, 39.350934790687134)	(4, 39.373150825319755)	(5, 39.37893351599662)	(6, 39.35328725108333)	(7, 39.386132764733844)	(8, 39.40510066773032)	(9, 39.409752652870225)	(10, 39.450720824779815)	(15, 39.5812963517807)	(20, 39.59367164861738)	(25, 39.47789438913845)	(30, 39.47224234365191)	(35, 39.48440412357458)	(40, 39.48282602275195)	(45, 39.484128438663284)	(50, 39.48578463881518)	(55, 39.46118507333845)	(60, 39.47764057266495)	(65, 39.46779754410473)	(70, 39.45748788774165)	(75, 39.43947222224785)	(80, 39.43317958821449)	(85, 39.41654686777507)	(90, 39.39951204164208)	(95, 39.38198706010733)	(100, 39.3737871574112)	(105, 39.32683549126418)	(110, 39.32218173349171)	(115, 39.30327357888375)	(120, 39.26477777675044)	(125, 39.228099735081045)	(130, 39.20917077080881)	(135, 39.16937740903843)	(140, 39.13642541935927)	(145, 39.06774384992523)	(150, 39.11280432429355)
DRR898421_2_paired	(1, 38.38525191547659)	(2, 39.2228474510954)	(3, 39.35654596984997)	(4, 39.38030984296109)	(5, 39.34605094738937)	(6, 39.36743165742587)	(7, 39.482501061359834)	(8, 39.51590769292663)	(9, 39.54204308326884)	(10, 39.58627569099554)	(15, 39.59753192813879)	(20, 39.63291094211698)	(25, 39.502826869713715)	(30, 39.51544418835353)	(35, 39.53912260490419)	(40, 39.54103280921315)	(45, 39.538548054763496)	(50, 39.53245089910889)	(55, 39.54129466971982)	(60, 39.55781893599364)	(65, 39.534583659610014)	(70, 39.54403842509051)	(75, 39.5501887146935)	(80, 39.537959040432426)	(85, 39.52665344368639)	(90, 39.518446917111156)	(95, 39.5041385902645)	(100, 39.47712798564793)	(105, 39.468618624913496)	(110, 39.45092686308488)	(115, 39.42925762549589)	(120, 39.405203496630136)	(125, 39.38172080733888)	(130, 39.35492955760308)	(135, 39.281269083382696)	(140, 39.28671230260358)	(145, 39.24673012511495)	(150, 39.29618390171008)
DRR898438_1_paired	(1, 38.82018997725417)	(2, 39.34817177403568)	(3, 39.448763722649915)	(4, 39.4864217128095)	(5, 39.47675575792275)	(6, 39.45901613831956)	(7, 39.4556398934214)	(8, 39.46868864584076)	(9, 39.449676996075794)	(10, 39.42822825774461)	(15, 39.63612631185789)	(20, 39.711139888097385)	(25, 39.60851711425255)	(30, 39.60192696597462)	(35, 39.65097674463263)	(40, 39.6429001524349)	(45, 39.668588695992)	(50, 39.655020976689855)	(55, 39.69404358692889)	(60, 39.7009567370883)	(65, 39.69016487337903)	(70, 39.67123889261029)	(75, 39.685194113941705)	(80, 39.68984425454107)	(85, 39.6765328116463)	(90, 39.66836656889659)	(95, 39.661676034524085)	(100, 39.66244959027746)	(105, 39.64927750414769)	(110, 39.58841412036092)	(115, 39.623312116928716)	(120, 39.62687501889391)	(125, 39.60908013357248)	(130, 39.591139488360994)	(135, 39.562361986688)	(140, 39.51083300936217)	(145, 39.49184731087114)	(150, 39.54505570707944)
DRR898438_2_paired	(1, 38.04091628763772)	(2, 38.979667175314916)	(3, 39.16031102079397)	(4, 39.31519891750479)	(5, 39.368054105102615)	(6, 39.388796469440564)	(7, 39.44283440755584)	(8, 39.445205642145886)	(9, 39.46420254848335)	(10, 39.52371685083665)	(15, 39.54927441859703)	(20, 39.55042473357398)	(25, 39.39395961775207)	(30, 39.36423834224901)	(35, 39.416364261524414)	(40, 39.454982894179786)	(45, 39.46161977987901)	(50, 39.503013374160616)	(55, 39.51621037381219)	(60, 39.54133319739878)	(65, 39.55295161323873)	(70, 39.53203327289141)	(75, 39.54157114832122)	(80, 39.54009879644967)	(85, 39.54594576825922)	(90, 39.554785560648135)	(95, 39.552585638706645)	(100, 39.54709649117681)	(105, 39.50753097463299)	(110, 39.491692743027)	(115, 39.48356116509056)	(120, 39.47217868660943)	(125, 39.4343220557661)	(130, 39.4731905875891)	(135, 39.4261095973537)	(140, 39.411677562642666)	(145, 39.32553680568431)	(150, 39.37569533636247)
