Sample	0	1	2	3	4	5	6	7	8	9	10	11	12	13	14	15	16	17	18	19	20	21	22	23	24	25	26	27	28	29	30	31	32	33	34	35	36	37	38	39	40	41	42	43	44	45	46	47	48	49	50	51	52	53	54	55	56	57	58	59	60	61	62	63	64	65	66	67	68	69	70	71	72	73	74	75	76	77	78	79	80	81	82	83	84	85	86	87	88	89	90	91	92	93	94	95	96	97	98	99	100
DRR898355_1_paired	(0.0, 0.0)	(1.0, 0.0)	(2.0, 0.0)	(3.0, 0.0)	(4.0, 0.0)	(5.0, 0.0)	(6.0, 0.0)	(7.0, 0.0)	(8.0, 0.0)	(9.0, 0.0)	(10.0, 0.0)	(11.0, 0.0)	(12.0, 8.947223193493007e-06)	(13.0, 2.684166958047902e-05)	(14.0, 2.684166958047902e-05)	(15.0, 1.7894446386986015e-05)	(16.0, 3.578889277397203e-05)	(17.0, 8.052500874143705e-05)	(18.0, 0.00020578613345033917)	(19.0, 0.0004920972756421154)	(20.0, 0.0008320917569948496)	(21.0, 0.0014315557109588811)	(22.0, 0.002272594691147224)	(23.0, 0.003677308732525626)	(24.0, 0.007032517430085503)	(25.0, 0.011184028991866258)	(26.0, 0.015881321168450088)	(27.0, 0.022359110760539022)	(28.0, 0.031852114568835105)	(29.0, 0.04470927429788456)	(30.0, 0.06126163720584661)	(31.0, 0.08388021743899694)	(32.0, 0.10800193116865409)	(33.0, 0.1354788535958711)	(34.0, 0.16693729034419252)	(35.0, 0.20414879160592994)	(36.0, 0.2488222770110405)	(37.0, 0.2978709545577692)	(38.0, 0.35309321610800803)	(39.0, 0.4170927036110635)	(40.0, 0.486827361181148)	(41.0, 0.5620377193456502)	(42.0, 0.6507673317555204)	(43.0, 0.7641107551706897)	(44.0, 0.9056468788685555)	(45.0, 1.0547523533881167)	(46.0, 1.2384656872201085)	(47.0, 1.4670672398138547)	(48.0, 1.70232552646356)	(49.0, 1.9803604872013552)	(50.0, 2.3232628160919746)	(51.0, 2.691709467200017)	(52.0, 3.095041341539488)	(53.0, 3.4871802396638993)	(54.0, 3.8978756786916153)	(55.0, 4.353289339240409)	(56.0, 4.756809105266944)	(57.0, 5.081664884976289)	(58.0, 5.323141491745471)	(59.0, 5.481051033887429)	(60.0, 5.55582297811545)	(61.0, 5.523621921842069)	(62.0, 5.334746040227431)	(63.0, 5.032329896287368)	(64.0, 4.619191865327828)	(65.0, 4.108368051541731)	(66.0, 3.5984210656285978)	(67.0, 3.0871767323524075)	(68.0, 2.5525980409875872)	(69.0, 2.0391526908057975)	(70.0, 1.5666229922878514)	(71.0, 1.1449850992944937)	(72.0, 0.8125689159866479)	(73.0, 0.5583783050595116)	(74.0, 0.3690908511779735)	(75.0, 0.23675247292301846)	(76.0, 0.1450881713056826)	(77.0, 0.08513282868608596)	(78.0, 0.04984498041094954)	(79.0, 0.028076386381181054)	(80.0, 0.0141992432080734)	(81.0, 0.007649875830436521)	(82.0, 0.003766780964460556)	(83.0, 0.0016105001748287413)	(84.0, 0.0008947223193493007)	(85.0, 0.0006620945163184826)	(86.0, 0.00037578337412670626)	(87.0, 0.0001342083479023951)	(88.0, 5.368333916095804e-05)	(89.0, 2.684166958047902e-05)	(90.0, 5.368333916095804e-05)	(91.0, 6.263056235445105e-05)	(92.0, 4.4736115967465035e-05)	(93.0, 1.7894446386986015e-05)	(94.0, 2.684166958047902e-05)	(95.0, 7.157778554794406e-05)	(96.0, 7.157778554794406e-05)	(97.0, 5.368333916095804e-05)	(98.0, 4.4736115967465035e-05)	(99.0, 4.4736115967465035e-05)	(100.0, 6.263056235445105e-05)
DRR898355_2_paired	(0.0, 1.7883981603821163e-05)	(1.0, 8.941990801910582e-06)	(2.0, 0.0)	(3.0, 0.0)	(4.0, 0.0)	(5.0, 0.0)	(6.0, 0.0)	(7.0, 0.0)	(8.0, 0.0)	(9.0, 8.941990801910582e-06)	(10.0, 1.7883981603821163e-05)	(11.0, 8.941990801910582e-06)	(12.0, 0.0)	(13.0, 0.0)	(14.0, 0.0)	(15.0, 3.576796320764233e-05)	(16.0, 8.047791721719523e-05)	(17.0, 0.0001520138436324799)	(18.0, 0.00029508569646304923)	(19.0, 0.0005007514849069926)	(20.0, 0.0008941990801910581)	(21.0, 0.0013144726478808554)	(22.0, 0.0021460777924585395)	(23.0, 0.0040238958608597615)	(24.0, 0.007037346761103628)	(25.0, 0.011561994106870381)	(26.0, 0.016390669139902093)	(27.0, 0.022506990848408934)	(28.0, 0.03286181619702139)	(29.0, 0.04654306212394457)	(30.0, 0.0628800793190352)	(31.0, 0.08510092646178301)	(32.0, 0.10947679338779125)	(33.0, 0.1335218066541288)	(34.0, 0.16506020821246742)	(35.0, 0.20591616418639686)	(36.0, 0.24977662906976827)	(37.0, 0.29885027459065355)	(38.0, 0.3504366195268757)	(39.0, 0.4123509638393046)	(40.0, 0.4847989733163841)	(41.0, 0.5614676024519655)	(42.0, 0.6485536508717726)	(43.0, 0.7634582326763235)	(44.0, 0.9127268851326168)	(45.0, 1.0719569153422386)	(46.0, 1.2519591901846987)	(47.0, 1.4588321473869)	(48.0, 1.6853417163900968)	(49.0, 1.976439284955494)	(50.0, 2.321001016525514)	(51.0, 2.683634511506196)	(52.0, 3.089064374464822)	(53.0, 3.49104262897391)	(54.0, 3.910001724015827)	(55.0, 4.358254780924802)	(56.0, 4.747204554835506)	(57.0, 5.079551526970117)	(58.0, 5.3352209279783445)	(59.0, 5.482692240283454)	(60.0, 5.539455997893982)	(61.0, 5.502570285836101)	(62.0, 5.3093696325700215)	(63.0, 4.983773863490852)	(64.0, 4.562650806674874)	(65.0, 4.065458234107043)	(66.0, 3.559860190185414)	(67.0, 3.045838790928386)	(68.0, 2.5210870027090655)	(69.0, 2.0079955704954364)	(70.0, 1.532424731686624)	(71.0, 1.1202883756265654)	(72.0, 0.7941918550624902)	(73.0, 0.5460247843370658)	(74.0, 0.36213274349577473)	(75.0, 0.23049769690084904)	(76.0, 0.13985273614188148)	(77.0, 0.08211430153394486)	(78.0, 0.048608661999185926)	(79.0, 0.028238806952433616)	(80.0, 0.015111964455228884)	(81.0, 0.008637963114645621)	(82.0, 0.004739255125012608)	(83.0, 0.002673655249771264)	(84.0, 0.0020655998752413442)	(85.0, 0.0016274423259477258)	(86.0, 0.0014128345467018719)	(87.0, 0.0014396605191076036)	(88.0, 0.0013502406110884977)	(89.0, 0.0012518787122674814)	(90.0, 0.001368124592692319)	(91.0, 0.001752630197174474)	(92.0, 0.002253381682081467)	(93.0, 0.0028524950658094755)	(94.0, 0.003639390256377607)	(95.0, 0.0048912689686450884)	(96.0, 0.008181921583748182)	(97.0, 0.013913737687772865)	(98.0, 0.02112098227411279)	(99.0, 0.07119613076481206)	(100.0, 0.31310380792889897)
DRR898359_1_paired	(0.0, 0.0)	(1.0, 0.0)	(2.0, 0.0)	(3.0, 0.0)	(4.0, 0.0)	(5.0, 0.0)	(6.0, 0.0)	(7.0, 0.0)	(8.0, 0.0)	(9.0, 0.0)	(10.0, 0.0)	(11.0, 0.0)	(12.0, 0.0)	(13.0, 0.0)	(14.0, 0.0)	(15.0, 6.000231008893842e-05)	(16.0, 0.00015000577522234604)	(17.0, 9.000346513340763e-05)	(18.0, 0.00039001501557809975)	(19.0, 0.0009600369614230147)	(20.0, 0.001680064682490276)	(21.0, 0.002580099333824352)	(22.0, 0.003840147845692059)	(23.0, 0.006780261040050042)	(24.0, 0.010350398490341878)	(25.0, 0.0156906040882574)	(26.0, 0.021900843182462524)	(27.0, 0.028711105377557035)	(28.0, 0.04143159511641198)	(29.0, 0.05724220382484726)	(30.0, 0.07485288183595068)	(31.0, 0.09906381395683735)	(32.0, 0.12645486851243773)	(33.0, 0.1555259877505284)	(34.0, 0.18471711160879695)	(35.0, 0.21870842027418058)	(36.0, 0.2641901713215959)	(37.0, 0.3167221938044615)	(38.0, 0.37432441148984236)	(39.0, 0.4359767851062266)	(40.0, 0.4992792222500566)	(41.0, 0.5786022761876332)	(42.0, 0.6740359503840898)	(43.0, 0.783840177846847)	(44.0, 0.9190253824772253)	(45.0, 1.0704412119866615)	(46.0, 1.238507682545778)	(47.0, 1.435885281583341)	(48.0, 1.683964832646057)	(49.0, 1.9740760019260741)	(50.0, 2.2895381472186678)	(51.0, 2.6453218448910283)	(52.0, 3.0573577082717684)	(53.0, 3.457393109634721)	(54.0, 3.868528938364127)	(55.0, 4.333576842708444)	(56.0, 4.761603321727886)	(57.0, 5.108206665956639)	(58.0, 5.349295947893993)	(59.0, 5.521892592864825)	(60.0, 5.5798848255657845)	(61.0, 5.527502808858141)	(62.0, 5.347585882056459)	(63.0, 5.041634102912962)	(64.0, 4.631458311144979)	(65.0, 4.104788034339322)	(66.0, 3.582797937720602)	(67.0, 3.0620978907687944)	(68.0, 2.525677238573685)	(69.0, 2.0178776882909992)	(70.0, 1.5405293103784494)	(71.0, 1.1160129664992102)	(72.0, 0.7929305278253214)	(73.0, 0.5513012250971662)	(74.0, 0.3604338767042531)	(75.0, 0.2218885427088943)	(76.0, 0.1308650383039747)	(77.0, 0.07410285295983896)	(78.0, 0.044971731411659346)	(79.0, 0.026251010663910564)	(80.0, 0.012390477033365785)	(81.0, 0.006810262195094511)	(82.0, 0.0036001386053363055)	(83.0, 0.0011700450467342994)	(84.0, 0.0003300127054891613)	(85.0, 0.000420016170622569)	(86.0, 0.00048001848071150735)	(87.0, 0.0002100080853112845)	(88.0, 0.00015000577522234604)	(89.0, 0.00012000462017787684)	(90.0, 6.000231008893842e-05)	(91.0, 3.000115504446921e-05)	(92.0, 0.0)	(93.0, 0.0)	(94.0, 6.000231008893842e-05)	(95.0, 0.00012000462017787684)	(96.0, 6.000231008893842e-05)	(97.0, 0.0)	(98.0, 0.00015000577522234604)	(99.0, 0.0003000115504446921)	(100.0, 0.00018000693026681526)
DRR898359_2_paired	(0.0, 0.0)	(1.0, 0.0)	(2.0, 0.0)	(3.0, 0.0)	(4.0, 0.0)	(5.0, 0.0)	(6.0, 0.0)	(7.0, 0.0)	(8.0, 0.0)	(9.0, 0.0)	(10.0, 0.0)	(11.0, 0.0)	(12.0, 0.0)	(13.0, 0.0)	(14.0, 0.0)	(15.0, 8.998340705973818e-05)	(16.0, 0.00017996681411947636)	(17.0, 0.00029994469019912725)	(18.0, 0.0004199225662787782)	(19.0, 0.00065987831843808)	(20.0, 0.0013797455749159856)	(21.0, 0.0020096294243341526)	(22.0, 0.003509352875329789)	(23.0, 0.006568788715360888)	(24.0, 0.009778196900491549)	(25.0, 0.014607306412697498)	(26.0, 0.021715995570416816)	(27.0, 0.028734701321076396)	(28.0, 0.041092422557280434)	(29.0, 0.05246032631582736)	(30.0, 0.06760753317088329)	(31.0, 0.0925929258644706)	(32.0, 0.11643852873530121)	(33.0, 0.14082403204849026)	(34.0, 0.17138839597978134)	(35.0, 0.20690184729935798)	(36.0, 0.2505138052543111)	(37.0, 0.3030341205081783)	(38.0, 0.356754214522842)	(39.0, 0.41350374990851685)	(40.0, 0.47856175321270755)	(41.0, 0.5488087996573432)	(42.0, 0.6378023892394242)	(43.0, 0.7491118637723204)	(44.0, 0.8769182962661685)	(45.0, 1.0229313714551036)	(46.0, 1.2022683017251619)	(47.0, 1.4091701490245199)	(48.0, 1.6451066423351535)	(49.0, 1.9324836500149372)	(50.0, 2.2568738324652933)	(51.0, 2.6184571565003414)	(52.0, 3.0203830413671717)	(53.0, 3.435026581098445)	(54.0, 3.856508859766259)	(55.0, 4.297067620730737)	(56.0, 4.706132189224307)	(57.0, 5.045459617246579)	(58.0, 5.346544097268464)	(59.0, 5.529750314042091)	(60.0, 5.58161075097752)	(61.0, 5.5742921005366615)	(62.0, 5.42003054636725)	(63.0, 5.1112674822762685)	(64.0, 4.671638549851408)	(65.0, 4.1487149769582485)	(66.0, 3.620002471544247)	(67.0, 3.087300701750597)	(68.0, 2.5586781797436555)	(69.0, 2.042083439813698)	(70.0, 1.5570128868236697)	(71.0, 1.1439290594814315)	(72.0, 0.8186090484914582)	(73.0, 0.559186885938233)	(74.0, 0.36164331297308777)	(75.0, 0.227178108356819)	(76.0, 0.13701473448296134)	(77.0, 0.07915540374354968)	(78.0, 0.04847106193617897)	(79.0, 0.027564917029299797)	(80.0, 0.01382745021817977)	(81.0, 0.008128501104396349)	(82.0, 0.004139236724747956)	(83.0, 0.00230957411453328)	(84.0, 0.001889651548254502)	(85.0, 0.0014097400439358981)	(86.0, 0.001229773229816422)	(87.0, 0.001109795353736771)	(88.0, 0.0009298285396172945)	(89.0, 0.0008698396015774691)	(90.0, 0.0009598230086372073)	(91.0, 0.0012897621678562472)	(92.0, 0.001559712389035462)	(93.0, 0.0019196460172744147)	(94.0, 0.0025195353976726694)	(95.0, 0.0029994469019912727)	(96.0, 0.005039070795345339)	(97.0, 0.009148313051073382)	(98.0, 0.014037411501319156)	(99.0, 0.04508168693692883)	(100.0, 0.18578574110933943)
DRR898360_1_paired	(0.0, 0.0)	(1.0, 0.0)	(2.0, 0.0)	(3.0, 0.0)	(4.0, 0.0)	(5.0, 0.0)	(6.0, 0.0)	(7.0, 0.0)	(8.0, 0.0)	(9.0, 0.0)	(10.0, 0.0)	(11.0, 0.0)	(12.0, 1.4977411816369143e-05)	(13.0, 2.9954823632738287e-05)	(14.0, 2.9954823632738287e-05)	(15.0, 1.4977411816369143e-05)	(16.0, 2.9954823632738287e-05)	(17.0, 0.00031452564814375195)	(18.0, 0.0006290512962875039)	(19.0, 0.001063396238962209)	(20.0, 0.0019021313006788811)	(21.0, 0.00331000801141758)	(22.0, 0.005571597195689321)	(23.0, 0.009196130855250654)	(24.0, 0.015157140758165573)	(25.0, 0.02269077890179925)	(26.0, 0.031242881048946035)	(27.0, 0.042565804382121104)	(28.0, 0.059265618557372696)	(29.0, 0.08260042616727582)	(30.0, 0.11009895426212957)	(31.0, 0.14301930543450894)	(32.0, 0.17610440813686837)	(33.0, 0.2081710468357147)	(34.0, 0.25130599286685784)	(35.0, 0.3038617309304972)	(36.0, 0.35854426147206087)	(37.0, 0.4201313788609708)	(38.0, 0.48755968685826473)	(39.0, 0.5565007134490119)	(40.0, 0.6323313494752889)	(41.0, 0.7108279648048795)	(42.0, 0.802459770297426)	(43.0, 0.9339015363978815)	(44.0, 1.091224270117023)	(45.0, 1.2526208598502169)	(46.0, 1.4311366312895206)	(47.0, 1.6450140720272721)	(48.0, 1.895316578302433)	(49.0, 2.1713353006663003)	(50.0, 2.498337132853088)	(51.0, 2.855758088438921)	(52.0, 3.2288753716083094)	(53.0, 3.6059466914972185)	(54.0, 3.984845255627725)	(55.0, 4.402340610009015)	(56.0, 4.76169365171916)	(57.0, 5.018196806486298)	(58.0, 5.212453837744605)	(59.0, 5.321489395767773)	(60.0, 5.325787912959071)	(61.0, 5.255888332012075)	(62.0, 5.069314713015566)	(63.0, 4.7412345071779995)	(64.0, 4.312985371112556)	(65.0, 3.8206928221203196)	(66.0, 3.3213608895743882)	(67.0, 2.818269626662549)	(68.0, 2.315432979751588)	(69.0, 1.8436744623595922)	(70.0, 1.3988153765897962)	(71.0, 1.0120087390202466)	(72.0, 0.718676128596657)	(73.0, 0.49215775228589004)	(74.0, 0.32506974606247585)	(75.0, 0.203273433171762)	(76.0, 0.11954970111825851)	(77.0, 0.07069338377326236)	(78.0, 0.04082842461142228)	(79.0, 0.02254100478363556)	(80.0, 0.011248036274093227)	(81.0, 0.005871145432016704)	(82.0, 0.0028756630687428756)	(83.0, 0.0014378315343714378)	(84.0, 0.000838735061716672)	(85.0, 0.0005092320017565508)	(86.0, 0.00038941270722559775)	(87.0, 0.0002546160008782754)	(88.0, 0.00016475152998006058)	(89.0, 0.00011981929453095315)	(90.0, 8.986447089821486e-05)	(91.0, 8.986447089821486e-05)	(92.0, 0.00014977411816369143)	(93.0, 0.00011981929453095315)	(94.0, 7.488705908184572e-05)	(95.0, 0.00013479670634732228)	(96.0, 0.00014977411816369143)	(97.0, 7.488705908184572e-05)	(98.0, 2.9954823632738287e-05)	(99.0, 4.493223544910743e-05)	(100.0, 4.493223544910743e-05)
DRR898360_2_paired	(0.0, 0.0)	(1.0, 0.0)	(2.0, 0.0)	(3.0, 0.0)	(4.0, 0.0)	(5.0, 0.0)	(6.0, 0.0)	(7.0, 0.0)	(8.0, 0.0)	(9.0, 0.0)	(10.0, 0.0)	(11.0, 0.0)	(12.0, 0.0)	(13.0, 0.0)	(14.0, 0.0)	(15.0, 7.482520831337995e-05)	(16.0, 0.0001496504166267599)	(17.0, 0.00017958049995211187)	(18.0, 0.0005986016665070396)	(19.0, 0.001272028541327459)	(20.0, 0.0019604204578105547)	(21.0, 0.0028583229575711135)	(22.0, 0.004938463748683076)	(23.0, 0.009188535580883056)	(24.0, 0.015683363662484438)	(25.0, 0.02331553491044919)	(26.0, 0.031770783449861124)	(27.0, 0.04154295565558855)	(28.0, 0.057450794943013125)	(29.0, 0.08031737860358203)	(30.0, 0.1045158509721291)	(31.0, 0.13770831337994444)	(32.0, 0.17161909778756823)	(33.0, 0.20478163011205824)	(34.0, 0.24575591418446507)	(35.0, 0.2908006895891198)	(36.0, 0.3443905037831625)	(37.0, 0.4086653577243559)	(38.0, 0.47129405708265487)	(39.0, 0.5387115697730103)	(40.0, 0.6156468489608274)	(41.0, 0.6899333157743511)	(42.0, 0.7855000718322)	(43.0, 0.9141844650895508)	(44.0, 1.06696257542381)	(45.0, 1.2246492194234269)	(46.0, 1.3942630016281965)	(47.0, 1.612378483861699)	(48.0, 1.8631177569198354)	(49.0, 2.1509852983430706)	(50.0, 2.4698155109663826)	(51.0, 2.809506991667465)	(52.0, 3.2080709462695145)	(53.0, 3.5902032851259458)	(54.0, 3.9624736615266736)	(55.0, 4.367457619002011)	(56.0, 4.73794715544488)	(57.0, 5.034419595824155)	(58.0, 5.2359538118954125)	(59.0, 5.326641964371229)	(60.0, 5.334483646202471)	(61.0, 5.284919428215688)	(62.0, 5.097841442390576)	(63.0, 4.7509218465664205)	(64.0, 4.302718848769275)	(65.0, 3.812119887941768)	(66.0, 3.3064810602432715)	(67.0, 2.797594818503975)	(68.0, 2.304302150177186)	(69.0, 1.83842543817642)	(70.0, 1.4043644047505028)	(71.0, 1.0123401733550426)	(72.0, 0.7076369600612968)	(73.0, 0.4845231539124605)	(74.0, 0.3174234987070204)	(75.0, 0.20156414615458287)	(76.0, 0.12193515946748396)	(77.0, 0.07072478689780673)	(78.0, 0.04094435398908151)	(79.0, 0.023076094243846376)	(80.0, 0.012989656163202759)	(81.0, 0.007916507039555598)	(82.0, 0.004594267790441528)	(83.0, 0.0031426587491619577)	(84.0, 0.00272363758260703)	(85.0, 0.0022597212910640744)	(86.0, 0.0019454554161478788)	(87.0, 0.0018855952494971745)	(88.0, 0.0018107700411837946)	(89.0, 0.0017509098745330906)	(90.0, 0.0019155253328225264)	(91.0, 0.0021699310410880183)	(92.0, 0.0023644765827028065)	(93.0, 0.00294811320754717)	(94.0, 0.004160281582223925)	(95.0, 0.0056717507901542)	(96.0, 0.009817067330715449)	(97.0, 0.01821245570347668)	(98.0, 0.028149243367493536)	(99.0, 0.08794954985154678)	(100.0, 0.3316253232448999)
DRR898362_1_paired	(0.0, 0.0)	(1.0, 0.0)	(2.0, 0.0)	(3.0, 0.0)	(4.0, 0.0)	(5.0, 0.0)	(6.0, 0.0)	(7.0, 0.0)	(8.0, 0.0)	(9.0, 0.0)	(10.0, 0.0)	(11.0, 0.0)	(12.0, 2.923792802499258e-05)	(13.0, 5.847585604998516e-05)	(14.0, 2.923792802499258e-05)	(15.0, 5.847585604998516e-05)	(16.0, 8.771378407497775e-05)	(17.0, 0.0001754275681499555)	(18.0, 0.00038009306432490355)	(19.0, 0.0005847585604998516)	(20.0, 0.0009356136967997626)	(21.0, 0.001403420545199644)	(22.0, 0.0017835136095245474)	(23.0, 0.003479313434974117)	(24.0, 0.005467492540673613)	(25.0, 0.008011192278847968)	(26.0, 0.012484595266671833)	(27.0, 0.01777666023919549)	(28.0, 0.027045083423118135)	(29.0, 0.03871101670509018)	(30.0, 0.05157570503608692)	(31.0, 0.07066807203640707)	(32.0, 0.09318127661565136)	(33.0, 0.1139109675853711)	(34.0, 0.13738902378944015)	(35.0, 0.16934607912075703)	(36.0, 0.20747233726534736)	(37.0, 0.2494872398372617)	(38.0, 0.3008290414491487)	(39.0, 0.36234564201373304)	(40.0, 0.43055772809604076)	(41.0, 0.5026876965336975)	(42.0, 0.5845831329317016)	(43.0, 0.6833196158721017)	(44.0, 0.8105630786368693)	(45.0, 0.938245110322012)	(46.0, 1.1047843483523696)	(47.0, 1.3169347541017158)	(48.0, 1.5399909070043842)	(49.0, 1.820645778116288)	(50.0, 2.1393684315167323)	(51.0, 2.476832596781197)	(52.0, 2.8637380983359235)	(53.0, 3.278595059082543)	(54.0, 3.721842047941431)	(55.0, 4.185760251913988)	(56.0, 4.59196278596521)	(57.0, 4.9523494868012685)	(58.0, 5.2340276853940475)	(59.0, 5.467083209681263)	(60.0, 5.5789767602329094)	(61.0, 5.586227766383107)	(62.0, 5.485269200912808)	(63.0, 5.216543404435101)	(64.0, 4.855688896750642)	(65.0, 4.383905690139363)	(66.0, 3.864932467695744)	(67.0, 3.353999675458999)	(68.0, 2.830319146603357)	(69.0, 2.2953820154580926)	(70.0, 1.788425581432746)	(71.0, 1.3337465627160867)	(72.0, 0.973915382512503)	(73.0, 0.6912138564388496)	(74.0, 0.47055521363423064)	(75.0, 0.30799233381527186)	(76.0, 0.18896472882552706)	(77.0, 0.11104565063892183)	(78.0, 0.06651628625685813)	(79.0, 0.03990977175411487)	(80.0, 0.023828911340368953)	(81.0, 0.014677439868546275)	(82.0, 0.009385374896022617)	(83.0, 0.005028923620298723)	(84.0, 0.0019004653216245177)	(85.0, 0.0014326584732246364)	(86.0, 0.0010233274808747403)	(87.0, 0.0002923792802499258)	(88.0, 5.847585604998516e-05)	(89.0, 0.0)	(90.0, 2.923792802499258e-05)	(91.0, 2.923792802499258e-05)	(92.0, 2.923792802499258e-05)	(93.0, 2.923792802499258e-05)	(94.0, 0.0)	(95.0, 0.0)	(96.0, 0.0)	(97.0, 0.0)	(98.0, 2.923792802499258e-05)	(99.0, 5.847585604998516e-05)	(100.0, 5.847585604998516e-05)
DRR898362_2_paired	(0.0, 0.0)	(1.0, 0.0)	(2.0, 0.0)	(3.0, 0.0)	(4.0, 0.0)	(5.0, 0.0)	(6.0, 0.0)	(7.0, 0.0)	(8.0, 0.0)	(9.0, 0.0)	(10.0, 0.0)	(11.0, 2.855365188358448e-05)	(12.0, 2.855365188358448e-05)	(13.0, 0.0)	(14.0, 5.710730376716896e-05)	(15.0, 0.00011421460753433792)	(16.0, 0.00011421460753433792)	(17.0, 0.00028553651883584476)	(18.0, 0.0006281803414388585)	(19.0, 0.0010279314678090412)	(20.0, 0.0013705752904120548)	(21.0, 0.0021986311950360046)	(22.0, 0.003911850308051074)	(23.0, 0.005939159591785571)	(24.0, 0.008309112698123082)	(25.0, 0.011821211879803974)	(26.0, 0.016532564440595414)	(27.0, 0.02392796027844379)	(28.0, 0.033579094615095346)	(29.0, 0.04437237502709028)	(30.0, 0.05981990069610948)	(31.0, 0.07886518650246033)	(32.0, 0.10307868329973997)	(33.0, 0.12794891409034204)	(34.0, 0.1501065479520036)	(35.0, 0.18491344959809308)	(36.0, 0.2277724810753534)	(37.0, 0.2740865044305274)	(38.0, 0.3248834511314242)	(39.0, 0.38181943298729165)	(40.0, 0.44886340760994803)	(41.0, 0.5270433064672022)	(42.0, 0.6171871854636785)	(43.0, 0.7201231005040005)	(44.0, 0.842960910907181)	(45.0, 0.9804752983785238)	(46.0, 1.145029994183621)	(47.0, 1.3540141723195758)	(48.0, 1.5896389076629152)	(49.0, 1.8661810261554308)	(50.0, 2.194747898379837)	(51.0, 2.5368777552489465)	(52.0, 2.9224662702848714)	(53.0, 3.3357232739959892)	(54.0, 3.767283168564485)	(55.0, 4.215604056788645)	(56.0, 4.605218636740155)	(57.0, 4.9363267839822)	(58.0, 5.205987472370772)	(59.0, 5.397325493642672)	(60.0, 5.517679136331981)	(61.0, 5.523304205753047)	(62.0, 5.40160854142521)	(63.0, 5.1420272921515435)	(64.0, 4.733253211786148)	(65.0, 4.2673432740017)	(66.0, 3.781988299284531)	(67.0, 3.2828990180113578)	(68.0, 2.7538284022604214)	(69.0, 2.2325243798218195)	(70.0, 1.7556498397140752)	(71.0, 1.3123829478733096)	(72.0, 0.9653989701839911)	(73.0, 0.6998214540147719)	(74.0, 0.4823853949212762)	(75.0, 0.32159978116481197)	(76.0, 0.20678554694091877)	(77.0, 0.12940515033640484)	(78.0, 0.0805784056154754)	(79.0, 0.050054551751923596)	(80.0, 0.03206575106526537)	(81.0, 0.020358753792995732)	(82.0, 0.012392284917475663)	(83.0, 0.0068243228001766895)	(84.0, 0.003911850308051074)	(85.0, 0.002512721365755434)	(86.0, 0.0014276825941792238)	(87.0, 0.0006281803414388585)	(88.0, 0.00045685843013735166)	(89.0, 0.00045685843013735166)	(90.0, 0.00022842921506867583)	(91.0, 0.00017132191130150685)	(92.0, 0.00017132191130150685)	(93.0, 2.855365188358448e-05)	(94.0, 8.566095565075343e-05)	(95.0, 0.00022842921506867583)	(96.0, 0.00019987556318509136)	(97.0, 0.00014276825941792238)	(98.0, 0.00014276825941792238)	(99.0, 0.00014276825941792238)	(100.0, 0.00028553651883584476)
DRR898363_1_paired	(0.0, 0.0)	(1.0, 0.0)	(2.0, 0.0)	(3.0, 0.0)	(4.0, 0.0)	(5.0, 0.0)	(6.0, 0.0)	(7.0, 0.0)	(8.0, 0.0)	(9.0, 0.0)	(10.0, 0.0)	(11.0, 0.0)	(12.0, 0.0)	(13.0, 0.0)	(14.0, 0.0)	(15.0, 1.8909915243868884e-05)	(16.0, 0.00011345949146321332)	(17.0, 0.00022691898292642664)	(18.0, 0.00034037847438963994)	(19.0, 0.0005294776268283288)	(20.0, 0.0009076759317057065)	(21.0, 0.001834261778655282)	(22.0, 0.0030444963542628906)	(23.0, 0.004803118471942697)	(24.0, 0.0076585156737668985)	(25.0, 0.012537273806685073)	(26.0, 0.018872095413381147)	(27.0, 0.02607677312129519)	(28.0, 0.03657177608164242)	(29.0, 0.04816355412613405)	(30.0, 0.06170305344074418)	(31.0, 0.0824094106327806)	(32.0, 0.10668974180590826)	(33.0, 0.1323126769613506)	(34.0, 0.16133939686068932)	(35.0, 0.19639837972282226)	(36.0, 0.23852967088616212)	(37.0, 0.2868255944190033)	(38.0, 0.3340247428677)	(39.0, 0.3868968658895574)	(40.0, 0.4594731205955262)	(41.0, 0.5331272404703955)	(42.0, 0.6126245241556203)	(43.0, 0.7245144926535925)	(44.0, 0.8556358449545793)	(45.0, 1.0122855828347892)	(46.0, 1.2018953029850625)	(47.0, 1.4203237339669919)	(48.0, 1.6788222753506796)	(49.0, 1.9969059596677983)	(50.0, 2.356043069979356)	(51.0, 2.7298164546896686)	(52.0, 3.1564430525065945)	(53.0, 3.5940374011649645)	(54.0, 4.023613945759934)	(55.0, 4.449521966797593)	(56.0, 4.814483331004262)	(57.0, 5.122866228801276)	(58.0, 5.3843336268782505)	(59.0, 5.513696357061558)	(60.0, 5.551043439668199)	(61.0, 5.499684109865851)	(62.0, 5.318375842507636)	(63.0, 5.031058590292292)	(64.0, 4.6159103110283946)	(65.0, 4.110202447661609)	(66.0, 3.5695679708393975)	(67.0, 3.0439290568055744)	(68.0, 2.5242845859040575)	(69.0, 2.0082519088141195)	(70.0, 1.5252170338247326)	(71.0, 1.1247239388748336)	(72.0, 0.8121241299784371)	(73.0, 0.5583908872362043)	(74.0, 0.3671170945444705)	(75.0, 0.23472877792214447)	(76.0, 0.13970645382170332)	(77.0, 0.07649060716144965)	(78.0, 0.043927733111507425)	(79.0, 0.02630369210422162)	(80.0, 0.014012247195706843)	(81.0, 0.007072308301206964)	(82.0, 0.003630703726822826)	(83.0, 0.0017018923719481997)	(84.0, 0.0008698561012179687)	(85.0, 0.0005294776268283288)	(86.0, 0.0004916577963405911)	(87.0, 0.00037819830487737774)	(88.0, 0.00018909915243868887)	(89.0, 9.454957621934443e-05)	(90.0, 3.781983048773777e-05)	(91.0, 0.0)	(92.0, 0.0)	(93.0, 3.781983048773777e-05)	(94.0, 9.454957621934443e-05)	(95.0, 0.00011345949146321332)	(96.0, 5.672974573160666e-05)	(97.0, 7.563966097547554e-05)	(98.0, 0.00011345949146321332)	(99.0, 9.454957621934443e-05)	(100.0, 7.563966097547554e-05)
DRR898363_2_paired	(0.0, 0.0)	(1.0, 0.0)	(2.0, 0.0)	(3.0, 0.0)	(4.0, 0.0)	(5.0, 0.0)	(6.0, 0.0)	(7.0, 0.0)	(8.0, 0.0)	(9.0, 0.0)	(10.0, 0.0)	(11.0, 0.0)	(12.0, 0.0)	(13.0, 0.0)	(14.0, 0.0)	(15.0, 1.8924548204798434e-05)	(16.0, 7.569819281919374e-05)	(17.0, 0.00013247183743358903)	(18.0, 0.0003406418676863718)	(19.0, 0.0005866609943487514)	(20.0, 0.0008894537656255263)	(21.0, 0.0018546057240702465)	(22.0, 0.0033874941286589195)	(23.0, 0.005147477111705174)	(24.0, 0.009254104072146434)	(25.0, 0.013947392026936444)	(26.0, 0.01835681175865448)	(27.0, 0.025623838269297077)	(28.0, 0.03512396146810589)	(29.0, 0.04566493481817862)	(30.0, 0.05963125139331986)	(31.0, 0.07950202700835822)	(32.0, 0.10221148485411632)	(33.0, 0.1256400755316568)	(34.0, 0.15667633458752622)	(35.0, 0.19552843205197742)	(36.0, 0.23284764111183992)	(37.0, 0.27864504776745214)	(38.0, 0.32860585502812)	(39.0, 0.38021309798260533)	(40.0, 0.44648686579580943)	(41.0, 0.5227149459647376)	(42.0, 0.6084053002360648)	(43.0, 0.7119604280127219)	(44.0, 0.8441862463196484)	(45.0, 0.9992539943097668)	(46.0, 1.1861906814767658)	(47.0, 1.4122822588794925)	(48.0, 1.6702617000073048)	(49.0, 1.9826113681275028)	(50.0, 2.3299525258783738)	(51.0, 2.708859830034848)	(52.0, 3.1471523664579797)	(53.0, 3.5837984671872936)	(54.0, 4.024286251202182)	(55.0, 4.468312925731367)	(56.0, 4.830774797497872)	(57.0, 5.12620591952298)	(58.0, 5.373095575402781)	(59.0, 5.525646358481661)	(60.0, 5.574377070109017)	(61.0, 5.51353464763059)	(62.0, 5.344254563938668)	(63.0, 5.048955913750993)	(64.0, 4.619520065887707)	(65.0, 4.106494488603826)	(66.0, 3.5775155171833)	(67.0, 3.0564848560087903)	(68.0, 2.523399257627823)	(69.0, 2.008727244650125)	(70.0, 1.529595533201038)	(71.0, 1.1206738955917535)	(72.0, 0.8027036366547302)	(73.0, 0.5562113962872307)	(74.0, 0.3673444052033424)	(75.0, 0.22894918418165144)	(76.0, 0.13542406695353756)	(77.0, 0.07473304086074901)	(78.0, 0.04386710273872276)	(79.0, 0.026172650167236234)	(80.0, 0.013663523803864467)	(81.0, 0.007702291119352962)	(82.0, 0.004163400605055655)	(83.0, 0.002138473947142223)	(84.0, 0.0014193411153598824)	(85.0, 0.000832680121011131)	(86.0, 0.00045418915691516237)	(87.0, 0.0001703209338431859)	(88.0, 7.569819281919374e-05)	(89.0, 7.569819281919374e-05)	(90.0, 5.6773644614395296e-05)	(91.0, 7.569819281919374e-05)	(92.0, 9.462274102399216e-05)	(93.0, 0.00013247183743358903)	(94.0, 0.00024601912666237963)	(95.0, 0.00032171731948157337)	(96.0, 0.0006812837353727436)	(97.0, 0.001532888404588673)	(98.0, 0.0030847013573821447)	(99.0, 0.020835927573483074)	(100.0, 0.0809592172201277)
DRR898364_1_paired	(0.0, 0.0)	(1.0, 0.0)	(2.0, 0.0)	(3.0, 0.0)	(4.0, 0.0)	(5.0, 0.0)	(6.0, 0.0)	(7.0, 0.0)	(8.0, 0.0)	(9.0, 0.0)	(10.0, 0.0)	(11.0, 0.0)	(12.0, 0.0)	(13.0, 1.6814135038017598e-05)	(14.0, 1.6814135038017598e-05)	(15.0, 1.6814135038017598e-05)	(16.0, 8.4070675190088e-05)	(17.0, 0.000168141350380176)	(18.0, 0.00020176962045621123)	(19.0, 0.0003026544306843168)	(20.0, 0.000756636076710792)	(21.0, 0.001546900423497619)	(22.0, 0.002723889876158851)	(23.0, 0.004455745785074664)	(24.0, 0.007297334606499639)	(25.0, 0.01163538144630818)	(26.0, 0.01787342554541271)	(27.0, 0.024750406775961905)	(28.0, 0.03347694286069304)	(29.0, 0.044691970931050776)	(30.0, 0.058294606176807026)	(31.0, 0.0763361730725999)	(32.0, 0.09999366107109066)	(33.0, 0.12568565940918155)	(34.0, 0.1524537623897056)	(35.0, 0.18665371305703338)	(36.0, 0.22742799052422608)	(37.0, 0.2795686232771186)	(38.0, 0.3322641224862658)	(39.0, 0.37920918751241095)	(40.0, 0.44056396626613714)	(41.0, 0.5164797859627865)	(42.0, 0.6007522307733308)	(43.0, 0.7062441140018533)	(44.0, 0.8407908225760701)	(45.0, 0.9932950273708897)	(46.0, 1.1780151148985512)	(47.0, 1.3930006454946442)	(48.0, 1.6530480579926243)	(49.0, 1.9751732570509655)	(50.0, 2.3358868960215573)	(51.0, 2.7274376586518727)	(52.0, 3.1474043094964386)	(53.0, 3.5759293550753553)	(54.0, 4.0166782768269105)	(55.0, 4.44822986671267)	(56.0, 4.829406308024529)	(57.0, 5.164865116168018)	(58.0, 5.4148576759132645)	(59.0, 5.535061927300052)	(60.0, 5.601696344455716)	(61.0, 5.561006137663712)	(62.0, 5.364011731558298)	(63.0, 5.052983861625049)	(64.0, 4.642147286106127)	(65.0, 4.139034737498565)	(66.0, 3.5861523491784695)	(67.0, 3.0560867421049647)	(68.0, 2.5264078601373345)	(69.0, 2.0111050636272094)	(70.0, 1.5298004481639553)	(71.0, 1.1193337836158697)	(72.0, 0.8005209691600179)	(73.0, 0.5513859303017111)	(74.0, 0.3647658455147538)	(75.0, 0.2294793149988642)	(76.0, 0.13266352544995885)	(77.0, 0.07334325703583278)	(78.0, 0.042640646456412634)	(79.0, 0.025254830827102434)	(80.0, 0.013484936300490117)	(81.0, 0.0071628215261954975)	(82.0, 0.0036318531682118017)	(83.0, 0.0021353951498282353)	(84.0, 0.0012442459928133024)	(85.0, 0.0005716805912925984)	(86.0, 0.0003194685657223344)	(87.0, 0.000168141350380176)	(88.0, 5.044240511405281e-05)	(89.0, 1.6814135038017598e-05)	(90.0, 1.6814135038017598e-05)	(91.0, 0.0)	(92.0, 1.6814135038017598e-05)	(93.0, 1.6814135038017598e-05)	(94.0, 0.0)	(95.0, 1.6814135038017598e-05)	(96.0, 3.3628270076035196e-05)	(97.0, 3.3628270076035196e-05)	(98.0, 6.725654015207039e-05)	(99.0, 0.00010088481022810561)	(100.0, 6.725654015207039e-05)
DRR898364_2_paired	(0.0, 0.0)	(1.0, 0.0)	(2.0, 0.0)	(3.0, 0.0)	(4.0, 0.0)	(5.0, 0.0)	(6.0, 0.0)	(7.0, 0.0)	(8.0, 0.0)	(9.0, 0.0)	(10.0, 0.0)	(11.0, 0.0)	(12.0, 0.0)	(13.0, 0.0)	(14.0, 3.36437417089204e-05)	(15.0, 8.4109354272301e-05)	(16.0, 0.00010093122512676121)	(17.0, 8.4109354272301e-05)	(18.0, 0.00020186245025352243)	(19.0, 0.0004541905130704254)	(20.0, 0.0009588466387042315)	(21.0, 0.002018624502535224)	(22.0, 0.0028933617869671547)	(23.0, 0.004020427134215988)	(24.0, 0.006863323308619762)	(25.0, 0.011506159664450778)	(26.0, 0.016956445821295883)	(27.0, 0.022860922491211414)	(28.0, 0.030901776759643392)	(29.0, 0.04202103339444158)	(30.0, 0.05667288290867641)	(31.0, 0.07632082806668594)	(32.0, 0.09829019140261096)	(33.0, 0.1204277734470806)	(34.0, 0.14941185692931552)	(35.0, 0.1854274824287148)	(36.0, 0.2256653975125836)	(37.0, 0.2751216978246966)	(38.0, 0.32294627666392695)	(39.0, 0.373428711098162)	(40.0, 0.43676305486520467)	(41.0, 0.5040000726704821)	(42.0, 0.5892028485483229)	(43.0, 0.6993524589033284)	(44.0, 0.8280565928108033)	(45.0, 0.9818757799039876)	(46.0, 1.1730226984232186)	(47.0, 1.3941630126759526)	(48.0, 1.6549524765326489)	(49.0, 1.9649963782512052)	(50.0, 2.308599912324409)	(51.0, 2.697992578863454)	(52.0, 3.1334771715437193)	(53.0, 3.5686085049360416)	(54.0, 4.035869611660383)	(55.0, 4.474466250448724)	(56.0, 4.82780964774666)	(57.0, 5.159385544158925)	(58.0, 5.402865302906382)	(59.0, 5.54549794588135)	(60.0, 5.600841900992524)	(61.0, 5.544084908729576)	(62.0, 5.371862594921612)	(63.0, 5.06979225998807)	(64.0, 4.6508435663577385)	(65.0, 4.1401315672163275)	(66.0, 3.5923946303242484)	(67.0, 3.0617318923494468)	(68.0, 2.5406239770199788)	(69.0, 2.0187422556312056)	(70.0, 1.5269380393302068)	(71.0, 1.1177796745371715)	(72.0, 0.797592184693376)	(73.0, 0.5466771590282477)	(74.0, 0.3641598602573544)	(75.0, 0.23167080540762588)	(76.0, 0.13583660714976611)	(77.0, 0.07642175929181269)	(78.0, 0.04419105473466695)	(79.0, 0.025602887440488428)	(80.0, 0.013524784166986001)	(81.0, 0.006796035825201921)	(82.0, 0.00336437417089204)	(83.0, 0.0019345151482629231)	(84.0, 0.0012448184432300548)	(85.0, 0.0007738060593051692)	(86.0, 0.0005214779964882663)	(87.0, 0.00037008115879812447)	(88.0, 0.0002355061919624428)	(89.0, 0.00010093122512676121)	(90.0, 6.72874834178408e-05)	(91.0, 6.72874834178408e-05)	(92.0, 8.4109354272301e-05)	(93.0, 0.000168218708544602)	(94.0, 0.00020186245025352243)	(95.0, 0.0002859718045258234)	(96.0, 0.0007401623175962489)	(97.0, 0.0014635027643380375)	(98.0, 0.0027251430784225525)	(99.0, 0.01993391696253534)	(100.0, 0.08084591132653572)
DRR898365_1_paired	(0.0, 0.0)	(1.0, 0.0)	(2.0, 0.0)	(3.0, 0.0)	(4.0, 0.0)	(5.0, 0.0)	(6.0, 0.0)	(7.0, 0.0)	(8.0, 0.0)	(9.0, 0.0)	(10.0, 0.0)	(11.0, 0.0)	(12.0, 0.0)	(13.0, 0.0)	(14.0, 0.0)	(15.0, 0.0)	(16.0, 9.399533369565402e-05)	(17.0, 0.0001691916006521772)	(18.0, 0.0003383832013043544)	(19.0, 0.0005263738686956625)	(20.0, 0.0009023552034782786)	(21.0, 0.0021618926750000423)	(22.0, 0.0032710376126087594)	(23.0, 0.00447417788391313)	(24.0, 0.007237640694565359)	(25.0, 0.011749416711956751)	(26.0, 0.018611076071739494)	(27.0, 0.025735922365870068)	(28.0, 0.03396991359760936)	(29.0, 0.04466658257217479)	(30.0, 0.0591418639613055)	(31.0, 0.07827931390174066)	(32.0, 0.10151496039130634)	(33.0, 0.12740127529108947)	(34.0, 0.15535548753217696)	(35.0, 0.1898141768650037)	(36.0, 0.22944260955109144)	(37.0, 0.2789217532084837)	(38.0, 0.3323299018143543)	(39.0, 0.38171505013805096)	(40.0, 0.44281201704022605)	(41.0, 0.5171811250602275)	(42.0, 0.6008557711160987)	(43.0, 0.7073900823267529)	(44.0, 0.839754311236973)	(45.0, 1.0007119206574109)	(46.0, 1.1923872051295885)	(47.0, 1.4117159167750275)	(48.0, 1.674075692186337)	(49.0, 1.9783949845593864)	(50.0, 2.3292043689783064)	(51.0, 2.7209769198217924)	(52.0, 3.1546149922933227)	(53.0, 3.582124569007896)	(54.0, 4.021609151235296)	(55.0, 4.457202326647696)	(56.0, 4.840872479726617)	(57.0, 5.167863446587058)	(58.0, 5.40745755217728)	(59.0, 5.5571169224874994)	(60.0, 5.598249280512718)	(61.0, 5.529407098114021)	(62.0, 5.3561360999794525)	(63.0, 5.063397032717708)	(64.0, 4.6342331381300905)	(65.0, 4.120304251615733)	(66.0, 3.5766728396535483)	(67.0, 3.037966783177016)	(68.0, 2.5208420553170057)	(69.0, 2.0019878133169957)	(70.0, 1.5096026572856818)	(71.0, 1.1101976853461086)	(72.0, 0.7958020932008851)	(73.0, 0.546564066373489)	(74.0, 0.361600048727181)	(75.0, 0.23248805836283062)	(76.0, 0.1390942948028288)	(77.0, 0.07649340256152323)	(78.0, 0.043952218036087815)	(79.0, 0.0250215578297831)	(80.0, 0.01267057098217416)	(81.0, 0.006880458426521874)	(82.0, 0.0033462338795652827)	(83.0, 0.001917504807391342)	(84.0, 0.001240738404782633)	(85.0, 0.0006015701356521857)	(86.0, 0.0003383832013043544)	(87.0, 0.00013159346717391563)	(88.0, 5.639720021739241e-05)	(89.0, 7.519626695652322e-05)	(90.0, 7.519626695652322e-05)	(91.0, 5.639720021739241e-05)	(92.0, 3.759813347826161e-05)	(93.0, 1.8799066739130804e-05)	(94.0, 0.0)	(95.0, 0.0)	(96.0, 0.0)	(97.0, 1.8799066739130804e-05)	(98.0, 7.519626695652322e-05)	(99.0, 0.0001691916006521772)	(100.0, 0.00013159346717391563)
DRR898365_2_paired	(0.0, 0.0)	(1.0, 0.0)	(2.0, 0.0)	(3.0, 0.0)	(4.0, 0.0)	(5.0, 0.0)	(6.0, 0.0)	(7.0, 0.0)	(8.0, 0.0)	(9.0, 0.0)	(10.0, 0.0)	(11.0, 0.0)	(12.0, 0.0)	(13.0, 0.0)	(14.0, 0.0)	(15.0, 0.0)	(16.0, 1.8809604108619444e-05)	(17.0, 9.404802054309722e-05)	(18.0, 0.0002633344575206722)	(19.0, 0.0006207169355844417)	(20.0, 0.0011097666424085472)	(21.0, 0.001768102786210228)	(22.0, 0.0030659654697049693)	(23.0, 0.0047400202353721)	(24.0, 0.0071852687694926275)	(25.0, 0.010909570382999279)	(26.0, 0.01593173468000067)	(27.0, 0.023305099490579493)	(28.0, 0.032747520753106454)	(29.0, 0.04335613747036782)	(30.0, 0.05815929590385133)	(31.0, 0.07802223784255345)	(32.0, 0.09957804415103134)	(33.0, 0.12504624811410206)	(34.0, 0.15220731644694854)	(35.0, 0.1881524698985203)	(36.0, 0.22765263852662113)	(37.0, 0.27127211045450966)	(38.0, 0.32275399689980105)	(39.0, 0.3770573239613854)	(40.0, 0.437379724337728)	(41.0, 0.512749808000966)	(42.0, 0.6020954275169084)	(43.0, 0.7050215811992739)	(44.0, 0.8282244881107313)	(45.0, 0.9775727447331697)	(46.0, 1.1711988094272983)	(47.0, 1.3903495068968237)	(48.0, 1.6385610427141657)	(49.0, 1.957948120478524)	(50.0, 2.3095748596850556)	(51.0, 2.692481970524222)	(52.0, 3.1377805381916786)	(53.0, 3.5788281353305877)	(54.0, 4.023618843687111)	(55.0, 4.452966867070459)	(56.0, 4.819472003126909)	(57.0, 5.139592655451503)	(58.0, 5.3832898862827765)	(59.0, 5.539146265926797)	(60.0, 5.601575341963305)	(61.0, 5.549773692248167)	(62.0, 5.3867132342305455)	(63.0, 5.088957201191099)	(64.0, 4.651427000020503)	(65.0, 4.132996691578733)	(66.0, 3.595098442884543)	(67.0, 3.0702540594417345)	(68.0, 2.5452968183742746)	(69.0, 2.0194367163096008)	(70.0, 1.5309136784005366)	(71.0, 1.127522908687084)	(72.0, 0.8090951207322654)	(73.0, 0.5558614206179219)	(74.0, 0.36533894060171546)	(75.0, 0.22864954754437797)	(76.0, 0.13723487157648748)	(77.0, 0.07678080397138458)	(78.0, 0.04354423351145401)	(79.0, 0.025242488713767296)	(80.0, 0.012828150002078462)	(81.0, 0.006978363124297814)	(82.0, 0.0037243016135066497)	(83.0, 0.002125485264273997)	(84.0, 0.0013731010999292195)	(85.0, 0.0006583361438016806)	(86.0, 0.0003009536657379111)	(87.0, 0.0002069056451948139)	(88.0, 0.000169286436977575)	(89.0, 9.404802054309722e-05)	(90.0, 7.523841643447778e-05)	(91.0, 5.6428812325858336e-05)	(92.0, 3.761920821723889e-05)	(93.0, 0.00011285762465171667)	(94.0, 0.00018809604108619443)	(95.0, 0.0002821440616292917)	(96.0, 0.0006959553520189194)	(97.0, 0.0015611971410154138)	(98.0, 0.0028026310121842973)	(99.0, 0.01830174479768672)	(100.0, 0.06284288732689756)
DRR898366_1_paired	(0.0, 0.0)	(1.0, 0.0)	(2.0, 0.0)	(3.0, 0.0)	(4.0, 0.0)	(5.0, 0.0)	(6.0, 0.0)	(7.0, 0.0)	(8.0, 0.0)	(9.0, 0.0)	(10.0, 0.0)	(11.0, 0.0)	(12.0, 0.0)	(13.0, 0.0)	(14.0, 1.7869635647063974e-05)	(15.0, 5.360890694119192e-05)	(16.0, 0.00012508744952944784)	(17.0, 0.00017869635647063976)	(18.0, 0.0002859141703530236)	(19.0, 0.00048248016247072733)	(20.0, 0.0009828299605885186)	(21.0, 0.0019120510142358455)	(22.0, 0.0030199684243538117)	(23.0, 0.004217234012707098)	(24.0, 0.006915548995413757)	(25.0, 0.011168522279414984)	(26.0, 0.017101241314240224)	(27.0, 0.024713706099889477)	(28.0, 0.032969477768833036)	(29.0, 0.04242251502612988)	(30.0, 0.05478830289389814)	(31.0, 0.07344420250943294)	(32.0, 0.09812216933802828)	(33.0, 0.12671358637333063)	(34.0, 0.15484039288180934)	(35.0, 0.18897139696770152)	(36.0, 0.23141178162947845)	(37.0, 0.27815874848219785)	(38.0, 0.32760403031762386)	(39.0, 0.37878266681081507)	(40.0, 0.4462762806497757)	(41.0, 0.5215253163595621)	(42.0, 0.5993654492381728)	(43.0, 0.7045997335637325)	(44.0, 0.8429107134720077)	(45.0, 1.0000741589879352)	(46.0, 1.1845781470438708)	(47.0, 1.4068585448576996)	(48.0, 1.663966862547656)	(49.0, 1.9800807171442176)	(50.0, 2.34585428920397)	(51.0, 2.738039182750083)	(52.0, 3.1629791184372644)	(53.0, 3.6022147626420966)	(54.0, 4.0564966400617575)	(55.0, 4.499949518279297)	(56.0, 4.869850976173521)	(57.0, 5.178870585418198)	(58.0, 5.429027614841448)	(59.0, 5.575558627147371)	(60.0, 5.596609057939613)	(61.0, 5.52645286838924)	(62.0, 5.356691329742133)	(63.0, 5.044580273530513)	(64.0, 4.614136490064036)	(65.0, 4.10383330489083)	(66.0, 3.5596492905307904)	(67.0, 3.020629600872753)	(68.0, 2.49186708207613)	(69.0, 1.9794016709896292)	(70.0, 1.5003703481987853)	(71.0, 1.10418265626773)	(72.0, 0.7936619976286993)	(73.0, 0.545220453227569)	(74.0, 0.36143125059751596)	(75.0, 0.22698011198900658)	(76.0, 0.1339686584460386)	(77.0, 0.07376585595108008)	(78.0, 0.04272629883212996)	(79.0, 0.025249795169301398)	(80.0, 0.013420096370945043)	(81.0, 0.006933418631060822)	(82.0, 0.003663275307648115)	(83.0, 0.0022873133628241887)	(84.0, 0.001250874495294478)	(85.0, 0.000714785425882559)	(86.0, 0.0005003497981177913)	(87.0, 0.0003752623485883434)	(88.0, 0.00026804453470595963)	(89.0, 0.00017869635647063976)	(90.0, 0.00010721781388238384)	(91.0, 5.360890694119192e-05)	(92.0, 3.573927129412795e-05)	(93.0, 5.360890694119192e-05)	(94.0, 5.360890694119192e-05)	(95.0, 3.573927129412795e-05)	(96.0, 1.7869635647063974e-05)	(97.0, 1.7869635647063974e-05)	(98.0, 7.14785425882559e-05)	(99.0, 5.360890694119192e-05)	(100.0, 1.7869635647063974e-05)
DRR898366_2_paired	(0.0, 0.0)	(1.0, 0.0)	(2.0, 0.0)	(3.0, 0.0)	(4.0, 0.0)	(5.0, 0.0)	(6.0, 0.0)	(7.0, 0.0)	(8.0, 0.0)	(9.0, 0.0)	(10.0, 0.0)	(11.0, 0.0)	(12.0, 0.0)	(13.0, 0.0)	(14.0, 0.0)	(15.0, 1.7889378878976384e-05)	(16.0, 5.366813663692915e-05)	(17.0, 8.944689439488191e-05)	(18.0, 0.00025045130430566937)	(19.0, 0.0005009026086113387)	(20.0, 0.0007513539129170081)	(21.0, 0.0018247166456555912)	(22.0, 0.0031306413038208673)	(23.0, 0.004365008446470238)	(24.0, 0.007209419688227483)	(25.0, 0.011789100681245437)	(26.0, 0.017442144407001973)	(27.0, 0.0236318694991278)	(28.0, 0.031592643100272294)	(29.0, 0.04170014216689395)	(30.0, 0.05699556110841876)	(31.0, 0.07670965663305074)	(32.0, 0.09611963271674011)	(33.0, 0.11939371463828838)	(34.0, 0.14690757935415408)	(35.0, 0.18087950984533022)	(36.0, 0.22404658108030026)	(37.0, 0.2728309172832688)	(38.0, 0.322742284355613)	(39.0, 0.3783245845325926)	(40.0, 0.4399713841495452)	(41.0, 0.5091853910323049)	(42.0, 0.5941599407074427)	(43.0, 0.6965587454107035)	(44.0, 0.8217307294269012)	(45.0, 0.9750605957986078)	(46.0, 1.1691066884988646)	(47.0, 1.3969637072803869)	(48.0, 1.6614402846271736)	(49.0, 1.991391988671014)	(50.0, 2.3416839165002505)	(51.0, 2.7202231735793907)	(52.0, 3.1504090674821366)	(53.0, 3.5886630712592993)	(54.0, 4.02852711913557)	(55.0, 4.457102968939209)	(56.0, 4.855141648996432)	(57.0, 5.17221300024741)	(58.0, 5.409909177412369)	(59.0, 5.5576754469527145)	(60.0, 5.610574340297847)	(61.0, 5.55966116800828)	(62.0, 5.370624101394137)	(63.0, 5.043892485548512)	(64.0, 4.614261162391016)	(65.0, 4.118635920548975)	(66.0, 3.588215836787325)	(67.0, 3.0561320407899304)	(68.0, 2.5161411393280284)	(69.0, 1.9936818291675231)	(70.0, 1.5167867670117705)	(71.0, 1.1238465599350544)	(72.0, 0.805272500858243)	(73.0, 0.5519588959319374)	(74.0, 0.36197369223720816)	(75.0, 0.227266669278516)	(76.0, 0.13606661575349438)	(77.0, 0.07318544899389239)	(78.0, 0.04171803154577293)	(79.0, 0.02398965707670733)	(80.0, 0.012343671426493705)	(81.0, 0.00588560565118323)	(82.0, 0.0033632032292475605)	(83.0, 0.0022182829809930717)	(84.0, 0.0013059246581652762)	(85.0, 0.0007692432917959845)	(86.0, 0.000465123850853386)	(87.0, 0.0003935663353374804)	(88.0, 0.00025045130430566937)	(89.0, 0.00016100440991078746)	(90.0, 0.00017889378878976382)	(91.0, 0.00012522565215283469)	(92.0, 8.944689439488191e-05)	(93.0, 0.00014311503103181107)	(94.0, 0.00025045130430566937)	(95.0, 0.000232561925426693)	(96.0, 0.0004830132297323624)	(97.0, 0.0013417034159232287)	(98.0, 0.0023077298753879536)	(99.0, 0.014776626954034493)	(100.0, 0.06261282607641735)
DRR898368_1_paired	(0.0, 0.0)	(1.0, 0.0)	(2.0, 0.0)	(3.0, 0.0)	(4.0, 0.0)	(5.0, 0.0)	(6.0, 0.0)	(7.0, 0.0)	(8.0, 0.0)	(9.0, 0.0)	(10.0, 0.0)	(11.0, 0.0)	(12.0, 0.0)	(13.0, 0.0)	(14.0, 0.0)	(15.0, 0.0)	(16.0, 0.0)	(17.0, 2.3863159100454353e-05)	(18.0, 7.158947730136306e-05)	(19.0, 0.00016704211370318047)	(20.0, 0.0002624947501049979)	(21.0, 0.0007158947730136307)	(22.0, 0.001217021114123172)	(23.0, 0.0015749685006299873)	(24.0, 0.003364705433164064)	(25.0, 0.0061089687297163145)	(26.0, 0.009831621549387194)	(27.0, 0.015081516551487152)	(28.0, 0.020498453667290292)	(29.0, 0.02794375930663205)	(30.0, 0.03942193883395059)	(31.0, 0.05132965522507732)	(32.0, 0.06681684548127219)	(33.0, 0.08688576228475431)	(34.0, 0.10998530029399413)	(35.0, 0.14062559657897752)	(36.0, 0.1774464510709786)	(37.0, 0.22226146386163187)	(38.0, 0.26927188728952695)	(39.0, 0.31480279485319385)	(40.0, 0.37257550303539383)	(41.0, 0.4427093276316292)	(42.0, 0.5223645527089458)	(43.0, 0.6227568630445572)	(44.0, 0.7458907640029018)	(45.0, 0.8997842770417319)	(46.0, 1.0956292237791607)	(47.0, 1.310612424115154)	(48.0, 1.5484565308693825)	(49.0, 1.8564344622198465)	(50.0, 2.2360734603489747)	(51.0, 2.6617444923828795)	(52.0, 3.107102630674659)	(53.0, 3.547019968691535)	(54.0, 4.008557328853423)	(55.0, 4.473578710243977)	(56.0, 4.881925088770952)	(57.0, 5.215054789813295)	(58.0, 5.4832051086251)	(59.0, 5.6657344125844755)	(60.0, 5.719211752128594)	(61.0, 5.676019434156771)	(62.0, 5.516589668206636)	(63.0, 5.199901683784506)	(64.0, 4.784754304913902)	(65.0, 4.263988583864686)	(66.0, 3.691797754953992)	(67.0, 3.149101790691459)	(68.0, 2.6149488373868888)	(69.0, 2.076715283876141)	(70.0, 1.575684395403001)	(71.0, 1.1593438585773739)	(72.0, 0.8231358100110725)	(73.0, 0.5686113550456263)	(74.0, 0.3747231873544347)	(75.0, 0.2326419380703295)	(76.0, 0.1370699858730098)	(77.0, 0.07660074071245848)	(78.0, 0.04455251804054828)	(79.0, 0.024316559123362988)	(80.0, 0.012217937459432629)	(81.0, 0.00663395822992631)	(82.0, 0.0031738001603604294)	(83.0, 0.0018613264098354398)	(84.0, 0.001407926386926807)	(85.0, 0.000811347409415448)	(86.0, 0.00038181054560726966)	(87.0, 0.00016704211370318047)	(88.0, 4.772631820090871e-05)	(89.0, 0.0)	(90.0, 0.0)	(91.0, 2.3863159100454353e-05)	(92.0, 4.772631820090871e-05)	(93.0, 7.158947730136306e-05)	(94.0, 7.158947730136306e-05)	(95.0, 4.772631820090871e-05)	(96.0, 4.772631820090871e-05)	(97.0, 4.772631820090871e-05)	(98.0, 0.00014317895460272612)	(99.0, 0.00014317895460272612)	(100.0, 2.3863159100454353e-05)
DRR898368_2_paired	(0.0, 0.0)	(1.0, 0.0)	(2.0, 0.0)	(3.0, 0.0)	(4.0, 0.0)	(5.0, 0.0)	(6.0, 0.0)	(7.0, 0.0)	(8.0, 0.0)	(9.0, 0.0)	(10.0, 0.0)	(11.0, 0.0)	(12.0, 0.0)	(13.0, 0.0)	(14.0, 0.0)	(15.0, 0.0)	(16.0, 0.0)	(17.0, 2.3874559245793126e-05)	(18.0, 0.00016712191472055185)	(19.0, 0.0002626201517037243)	(20.0, 0.0003342438294411037)	(21.0, 0.0010266060475691045)	(22.0, 0.0017905919434344844)	(23.0, 0.0024352050430708986)	(24.0, 0.003557309327623176)	(25.0, 0.006350632759380971)	(26.0, 0.010791300779098493)	(27.0, 0.015375216154290772)	(28.0, 0.022060092743112845)	(29.0, 0.029031464042884442)	(30.0, 0.03776955272684472)	(31.0, 0.0517361698856337)	(32.0, 0.06866323239090102)	(33.0, 0.08828812009094297)	(34.0, 0.11373840024695844)	(35.0, 0.14319960635626713)	(36.0, 0.17538251221959628)	(37.0, 0.21596926293744462)	(38.0, 0.2586808494281685)	(39.0, 0.30559435834615195)	(40.0, 0.36585374588253383)	(41.0, 0.4315326583677107)	(42.0, 0.5088623557648346)	(43.0, 0.6144834058682235)	(44.0, 0.740326207652799)	(45.0, 0.8908791782567704)	(46.0, 1.0768858693407446)	(47.0, 1.297725542364331)	(48.0, 1.5562153953185331)	(49.0, 1.861929126460914)	(50.0, 2.2213606159063297)	(51.0, 2.614861101395492)	(52.0, 3.0590711507227186)	(53.0, 3.519420402100102)	(54.0, 3.98955822276826)	(55.0, 4.461152391550412)	(56.0, 4.85768494606379)	(57.0, 5.209166207280356)	(58.0, 5.498645238135597)	(59.0, 5.655524966939704)	(60.0, 5.720153398818066)	(61.0, 5.691885920671047)	(62.0, 5.531735377250267)	(63.0, 5.234544863758634)	(64.0, 4.80921959079483)	(65.0, 4.292048888412459)	(66.0, 3.7368460131515393)	(67.0, 3.1781574522407348)	(68.0, 2.612855638418845)	(69.0, 2.0809304584225745)	(70.0, 1.5886131722150743)	(71.0, 1.1641235088248727)	(72.0, 0.8315031494124828)	(73.0, 0.567450524154011)	(74.0, 0.3707002814094298)	(75.0, 0.23270532896874557)	(76.0, 0.13756521037425998)	(77.0, 0.07546748177595207)	(78.0, 0.0434039487088519)	(79.0, 0.02599939501866871)	(80.0, 0.01399049171803477)	(81.0, 0.00687587306278842)	(82.0, 0.0037483058015895204)	(83.0, 0.002387455924579312)	(84.0, 0.0010982297253064838)	(85.0, 0.000572989421899035)	(86.0, 0.0004774911849158625)	(87.0, 0.0002626201517037243)	(88.0, 0.00011937279622896562)	(89.0, 9.54982369831725e-05)	(90.0, 0.00011937279622896562)	(91.0, 0.00011937279622896562)	(92.0, 7.162367773737938e-05)	(93.0, 0.00011937279622896562)	(94.0, 0.00021487103321213811)	(95.0, 0.00021487103321213811)	(96.0, 0.00035811838868689684)	(97.0, 0.0009072332513401388)	(98.0, 0.0016950937064513117)	(99.0, 0.011149419167785389)	(100.0, 0.046125648462872315)
DRR898372_1_paired	(0.0, 0.0)	(1.0, 0.0)	(2.0, 0.0)	(3.0, 0.0)	(4.0, 0.0)	(5.0, 0.0)	(6.0, 0.0)	(7.0, 0.0)	(8.0, 0.0)	(9.0, 0.0)	(10.0, 0.0)	(11.0, 0.0)	(12.0, 0.0)	(13.0, 2.438994646406751e-05)	(14.0, 4.877989292813502e-05)	(15.0, 4.877989292813502e-05)	(16.0, 9.755978585627004e-05)	(17.0, 9.755978585627004e-05)	(18.0, 0.00014633967878440506)	(19.0, 0.0006341386080657553)	(20.0, 0.0014146168949159157)	(21.0, 0.002756063950439629)	(22.0, 0.004877989292813503)	(23.0, 0.006780405117010768)	(24.0, 0.010658406604797502)	(25.0, 0.016341264130925234)	(26.0, 0.023170449140864136)	(27.0, 0.03231667906488945)	(28.0, 0.04524335069084524)	(29.0, 0.059487079425860664)	(30.0, 0.07738930013048621)	(31.0, 0.10004756039560493)	(32.0, 0.12653504225558226)	(33.0, 0.1583151424982622)	(34.0, 0.19468055267618686)	(35.0, 0.23604590187924537)	(36.0, 0.2824843599468299)	(37.0, 0.33845928708186485)	(38.0, 0.3933122766795527)	(39.0, 0.4481408763307764)	(40.0, 0.5151400592675699)	(41.0, 0.5966756502969476)	(42.0, 0.6830892306191388)	(43.0, 0.7918927817953441)	(44.0, 0.9366227241131206)	(45.0, 1.0934012999841465)	(46.0, 1.2856916379068548)	(47.0, 1.5088108681601442)	(48.0, 1.7584175802734112)	(49.0, 2.0839745856757843)	(50.0, 2.450848160388288)	(51.0, 2.8228680138047095)	(52.0, 3.2197656126144802)	(53.0, 3.63800441458031)	(54.0, 4.08160876086877)	(55.0, 4.493774466165046)	(56.0, 4.838867818685138)	(57.0, 5.117864416287606)	(58.0, 5.333593492762283)	(59.0, 5.458933427641126)	(60.0, 5.477372227167962)	(61.0, 5.386885525786271)	(62.0, 5.18342459238302)	(63.0, 4.881940464140682)	(64.0, 4.467506493823246)	(65.0, 3.967707710881575)	(66.0, 3.423055816392483)	(67.0, 2.908891354983476)	(68.0, 2.4203607273082035)	(69.0, 1.915805904806039)	(70.0, 1.453372519847319)	(71.0, 1.0723283862391921)	(72.0, 0.7677955146888453)	(73.0, 0.525627736247119)	(74.0, 0.3476055170058902)	(75.0, 0.22533871538151976)	(76.0, 0.1321203399958537)	(77.0, 0.07263326056999306)	(78.0, 0.04409702320703406)	(79.0, 0.026780161217546127)	(80.0, 0.013390080608773064)	(81.0, 0.006512115705906026)	(82.0, 0.003829221594858599)	(83.0, 0.0022682650211582785)	(84.0, 0.001195107376739308)	(85.0, 0.0008292581797782954)	(86.0, 0.0006097486616016878)	(87.0, 0.00031706930403287766)	(88.0, 0.00014633967878440506)	(89.0, 4.877989292813502e-05)	(90.0, 4.877989292813502e-05)	(91.0, 4.877989292813502e-05)	(92.0, 2.438994646406751e-05)	(93.0, 0.0)	(94.0, 4.877989292813502e-05)	(95.0, 7.316983939220253e-05)	(96.0, 2.438994646406751e-05)	(97.0, 2.438994646406751e-05)	(98.0, 0.00019511957171254008)	(99.0, 0.00024389946464067511)	(100.0, 7.316983939220253e-05)
DRR898372_2_paired	(0.0, 0.0)	(1.0, 0.0)	(2.0, 0.0)	(3.0, 0.0)	(4.0, 0.0)	(5.0, 0.0)	(6.0, 0.0)	(7.0, 0.0)	(8.0, 0.0)	(9.0, 0.0)	(10.0, 0.0)	(11.0, 0.0)	(12.0, 0.0)	(13.0, 0.0)	(14.0, 2.440067667956568e-05)	(15.0, 4.880135335913136e-05)	(16.0, 9.760270671826272e-05)	(17.0, 0.00024400676679565676)	(18.0, 0.00046361285691174785)	(19.0, 0.0006344175936687076)	(20.0, 0.0010980304505804556)	(21.0, 0.0021472595478017795)	(22.0, 0.0035380981185370235)	(23.0, 0.005709758343018369)	(24.0, 0.01083390044572716)	(25.0, 0.01744648382588946)	(26.0, 0.024376276002886114)	(27.0, 0.033672933817800635)	(28.0, 0.044214026143373004)	(29.0, 0.05653636786655368)	(30.0, 0.07247000973831005)	(31.0, 0.09621186814752747)	(32.0, 0.12493146459937626)	(33.0, 0.15355345834450682)	(34.0, 0.18742159757574398)	(35.0, 0.22875634387092822)	(36.0, 0.27421480452495905)	(37.0, 0.3258710370555996)	(38.0, 0.3774540675562015)	(39.0, 0.431696771814876)	(40.0, 0.4993598482473116)	(41.0, 0.5744163297136556)	(42.0, 0.6617707522265007)	(43.0, 0.7719398074347398)	(44.0, 0.8993601410554318)	(45.0, 1.0526207912797838)	(46.0, 1.2428240659969982)	(47.0, 1.465870651524908)	(48.0, 1.7309108016183505)	(49.0, 2.060661546266001)	(50.0, 2.405882319928496)	(51.0, 2.7702332241077707)	(52.0, 3.194121779385186)	(53.0, 3.6172783143622143)	(54.0, 4.050707534221339)	(55.0, 4.451805857480039)	(56.0, 4.802785190838913)	(57.0, 5.113601010383221)	(58.0, 5.3458710516960055)	(59.0, 5.469582482461403)	(60.0, 5.483612871552154)	(61.0, 5.4210739372224275)	(62.0, 5.248683156481296)	(63.0, 4.928717083182151)	(64.0, 4.512343936322042)	(65.0, 4.024037594610574)	(66.0, 3.4853926569091613)	(67.0, 2.9604364988249854)	(68.0, 2.4449234026158013)	(69.0, 1.9565194581976149)	(70.0, 1.4975427298549844)	(71.0, 1.0912470624635362)	(72.0, 0.7840913444211635)	(73.0, 0.5448915109313812)	(74.0, 0.3552006504244376)	(75.0, 0.22529144778242993)	(76.0, 0.13203206151312988)	(77.0, 0.07156718470116613)	(78.0, 0.04238397539240558)	(79.0, 0.02525470036335048)	(80.0, 0.013005560670208506)	(81.0, 0.006612583380162298)	(82.0, 0.0035136974418574574)	(83.0, 0.0020984581944426483)	(84.0, 0.0012688351873374152)	(85.0, 0.0007076196237074047)	(86.0, 0.0004880135335913135)	(87.0, 0.00034160947351391947)	(88.0, 0.00017080473675695973)	(89.0, 7.320203003869704e-05)	(90.0, 7.320203003869704e-05)	(91.0, 0.00014640406007739409)	(92.0, 0.00017080473675695973)	(93.0, 0.0002196060901160911)	(94.0, 0.00026840744347522244)	(95.0, 0.00029280812015478817)	(96.0, 0.0006344175936687076)	(97.0, 0.0012688351873374152)	(98.0, 0.0020984581944426483)	(99.0, 0.014835611421175931)	(100.0, 0.06119689711235072)
DRR898376_1_paired	(0.0, 0.0)	(1.0, 0.0)	(2.0, 0.0)	(3.0, 0.0)	(4.0, 0.0)	(5.0, 0.0)	(6.0, 0.0)	(7.0, 0.0)	(8.0, 0.0)	(9.0, 0.0)	(10.0, 3.9202987581277595e-05)	(11.0, 3.9202987581277595e-05)	(12.0, 0.0)	(13.0, 0.0)	(14.0, 7.840597516255519e-05)	(15.0, 0.00011760896274383279)	(16.0, 0.00019601493790638797)	(17.0, 0.00031362390065022076)	(18.0, 0.00023521792548766558)	(19.0, 0.0005488418261378863)	(20.0, 0.0008232627392068296)	(21.0, 0.0008232627392068296)	(22.0, 0.0020385553542264347)	(23.0, 0.003802689795383927)	(24.0, 0.005488418261378863)	(25.0, 0.007134943739792522)	(26.0, 0.011133648473082838)	(27.0, 0.018621419101106856)	(28.0, 0.027324482344150483)	(29.0, 0.04108473098517892)	(30.0, 0.06241115622939393)	(31.0, 0.08624657267881071)	(32.0, 0.11016039510339003)	(33.0, 0.14759924824351014)	(34.0, 0.19766146338480164)	(35.0, 0.24419540964377814)	(36.0, 0.29441443673539475)	(37.0, 0.35870733636868996)	(38.0, 0.425783648120256)	(39.0, 0.4799621769575816)	(40.0, 0.5485674052248174)	(41.0, 0.6488878504453067)	(42.0, 0.7523837376598795)	(43.0, 0.8772060501186674)	(44.0, 1.0316266182013198)	(45.0, 1.1923196642969769)	(46.0, 1.3766129089165626)	(47.0, 1.6153983062741246)	(48.0, 1.8761373766772018)	(49.0, 2.166553108679306)	(50.0, 2.5134603457860316)	(51.0, 2.870756374601796)	(52.0, 3.2896402969077467)	(53.0, 3.7306347042095385)	(54.0, 4.145911951658012)	(55.0, 4.574322199946213)	(56.0, 4.940399697980183)	(57.0, 5.2300313702306624)	(58.0, 5.4639555971281455)	(59.0, 5.563923215460403)	(60.0, 5.506412432678669)	(61.0, 5.36065572485148)	(62.0, 5.067966219569661)	(63.0, 4.697576392901751)	(64.0, 4.3056641260517186)	(65.0, 3.8235457847771666)	(66.0, 3.293364580727968)	(67.0, 2.7447579725155697)	(68.0, 2.225867228889779)	(69.0, 1.7747976537795993)	(70.0, 1.3560705434239733)	(71.0, 0.9823092598240726)	(72.0, 0.690443017281461)	(73.0, 0.47290563919295164)	(74.0, 0.3133886827247331)	(75.0, 0.19009528678161505)	(76.0, 0.11243416838310413)	(77.0, 0.06621384602477785)	(78.0, 0.03826211587932693)	(79.0, 0.020424756529845628)	(80.0, 0.009526325982250455)	(81.0, 0.005135591373147365)	(82.0, 0.002430585230039211)	(83.0, 0.0009800746895319398)	(84.0, 0.00039202987581277594)	(85.0, 0.00027442091306894314)	(86.0, 0.00031362390065022076)	(87.0, 0.00019601493790638797)	(88.0, 0.00011760896274383279)	(89.0, 7.840597516255519e-05)	(90.0, 0.00011760896274383279)	(91.0, 0.00011760896274383279)	(92.0, 3.9202987581277595e-05)	(93.0, 0.0)	(94.0, 0.0)	(95.0, 0.0)	(96.0, 3.9202987581277595e-05)	(97.0, 0.00019601493790638797)	(98.0, 0.0006272478013004415)	(99.0, 0.0005096388385566087)	(100.0, 3.9202987581277595e-05)
DRR898376_2_paired	(0.0, 0.0)	(1.0, 3.919336910904066e-05)	(2.0, 7.838673821808131e-05)	(3.0, 7.838673821808131e-05)	(4.0, 3.919336910904066e-05)	(5.0, 0.0)	(6.0, 0.0)	(7.0, 0.0)	(8.0, 0.0)	(9.0, 0.0)	(10.0, 0.0)	(11.0, 0.0)	(12.0, 3.919336910904066e-05)	(13.0, 7.838673821808131e-05)	(14.0, 0.00011758010732712197)	(15.0, 7.838673821808131e-05)	(16.0, 0.00023516021465424394)	(17.0, 0.00039193369109040654)	(18.0, 0.00023516021465424394)	(19.0, 0.00039193369109040654)	(20.0, 0.0007054806439627319)	(21.0, 0.0012933811805983415)	(22.0, 0.002155635300997236)	(23.0, 0.003958530280013106)	(24.0, 0.00658448601031883)	(25.0, 0.008700927942207027)	(26.0, 0.013521712342619025)	(27.0, 0.019910231507392653)	(28.0, 0.028924706402472005)	(29.0, 0.04397496014034362)	(30.0, 0.059769887891287)	(31.0, 0.08042479341175142)	(32.0, 0.10754660483520756)	(33.0, 0.14211515638938144)	(34.0, 0.18844171867626747)	(35.0, 0.23774697701544062)	(36.0, 0.2941462351633501)	(37.0, 0.3503887198348235)	(38.0, 0.4013009063074673)	(39.0, 0.4578177445627039)	(40.0, 0.5324419193463172)	(41.0, 0.6271330991137595)	(42.0, 0.7359338917604564)	(43.0, 0.8592754243466073)	(44.0, 0.9968833432884491)	(45.0, 1.1419380023610086)	(46.0, 1.3291255332257867)	(47.0, 1.5842743661256413)	(48.0, 1.846125265143142)	(49.0, 2.1615926931018103)	(50.0, 2.50233984413581)	(51.0, 2.8332102661543312)	(52.0, 3.2463867633018375)	(53.0, 3.6891542541266698)	(54.0, 4.094492077452369)	(55.0, 4.533261844628078)	(56.0, 4.919238143613911)	(57.0, 5.202606202272275)	(58.0, 5.405510274149778)	(59.0, 5.490442305009069)	(60.0, 5.498633719152859)	(61.0, 5.372195910407094)	(62.0, 5.117752558151202)	(63.0, 4.789821638815859)	(64.0, 4.367238733082182)	(65.0, 3.8865320609597984)	(66.0, 3.354834815626553)	(67.0, 2.803658465846114)	(68.0, 2.278349739677642)	(69.0, 1.7965848465893146)	(70.0, 1.3743938745467288)	(71.0, 1.00542749775422)	(72.0, 0.714377538750484)	(73.0, 0.4897995337556811)	(74.0, 0.31460517383826936)	(75.0, 0.19577087869965806)	(76.0, 0.12177379782178932)	(77.0, 0.06933306995389292)	(78.0, 0.04111384419538365)	(79.0, 0.02437827558582329)	(80.0, 0.012659458222220131)	(81.0, 0.0066236793794278714)	(82.0, 0.0038017568035769436)	(83.0, 0.0025475689920876426)	(84.0, 0.0017637016099068294)	(85.0, 0.0013325745497073823)	(86.0, 0.0014501546570345044)	(87.0, 0.001254187811489301)	(88.0, 0.0010582209659440976)	(89.0, 0.0012933811805983415)	(90.0, 0.001254187811489301)	(91.0, 0.001371767918816423)	(92.0, 0.0017637016099068294)	(93.0, 0.002155635300997236)	(94.0, 0.0023516021465424396)	(95.0, 0.0027827292067418865)	(96.0, 0.004507237447539675)	(97.0, 0.008034640667353335)	(98.0, 0.012110751054693562)	(99.0, 0.029042286509799127)	(100.0, 0.10166759946885146)
DRR898377_1_paired	(0.0, 0.0)	(1.0, 0.0)	(2.0, 0.0)	(3.0, 0.0)	(4.0, 0.0)	(5.0, 0.0)	(6.0, 0.0)	(7.0, 0.0)	(8.0, 0.0)	(9.0, 0.0)	(10.0, 3.268048615491204e-05)	(11.0, 3.268048615491204e-05)	(12.0, 0.0)	(13.0, 0.0)	(14.0, 3.268048615491204e-05)	(15.0, 3.268048615491204e-05)	(16.0, 3.268048615491204e-05)	(17.0, 6.536097230982408e-05)	(18.0, 0.00026144388923929633)	(19.0, 0.0003268048615491204)	(20.0, 0.0003268048615491204)	(21.0, 0.0006862902092531529)	(22.0, 0.0010784560431120974)	(23.0, 0.0020261901416045464)	(24.0, 0.003431451046265764)	(25.0, 0.005359599729405575)	(26.0, 0.008758370289516426)	(27.0, 0.013366318837359026)	(28.0, 0.019248806345243192)	(29.0, 0.027680371773210498)	(30.0, 0.04173298081982267)	(31.0, 0.059707248205024294)	(32.0, 0.08009987156568942)	(33.0, 0.10604817757268957)	(34.0, 0.13689855650292654)	(35.0, 0.17356606196873783)	(36.0, 0.21775007925017892)	(37.0, 0.26474461834094243)	(38.0, 0.30941884291470717)	(39.0, 0.3614788573594821)	(40.0, 0.4347811878049498)	(41.0, 0.5155673495798924)	(42.0, 0.60004640629034)	(43.0, 0.7034147839983268)	(44.0, 0.8424375721013226)	(45.0, 0.9962646204324935)	(46.0, 1.165190053367234)	(47.0, 1.3746392891340653)	(48.0, 1.6333706980225036)	(49.0, 1.9410574751710006)	(50.0, 2.279954116597439)	(51.0, 2.6370211083260076)	(52.0, 3.0761814812757153)	(53.0, 3.5670750638086495)	(54.0, 4.024634550463572)	(55.0, 4.525136195926051)	(56.0, 4.9740353537499225)	(57.0, 5.330644818672322)	(58.0, 5.603069351259669)	(59.0, 5.71964064537424)	(60.0, 5.74219018082113)	(61.0, 5.650782861045841)	(62.0, 5.417934397192092)	(63.0, 5.091848506338381)	(64.0, 4.657426803881134)	(65.0, 4.125780655113025)	(66.0, 3.579428287575206)	(67.0, 3.013042782024425)	(68.0, 2.433846525900919)	(69.0, 1.9230178468134893)	(70.0, 1.4595758726506816)	(71.0, 1.0486514397388176)	(72.0, 0.7406705382149265)	(73.0, 0.5096521815858532)	(74.0, 0.3350403440601582)	(75.0, 0.20856686264064864)	(76.0, 0.12157140849627279)	(77.0, 0.07058985009461001)	(78.0, 0.042811436862934774)	(79.0, 0.024543045102338942)	(80.0, 0.012353223766556752)	(81.0, 0.005326919243250662)	(82.0, 0.0025163974339282268)	(83.0, 0.0012091779877317454)	(84.0, 0.0006862902092531529)	(85.0, 0.0004575268061687686)	(86.0, 0.00026144388923929633)	(87.0, 0.0001634024307745602)	(88.0, 9.804145846473611e-05)	(89.0, 0.0)	(90.0, 0.0)	(91.0, 3.268048615491204e-05)	(92.0, 6.536097230982408e-05)	(93.0, 0.00013072194461964817)	(94.0, 0.0001634024307745602)	(95.0, 6.536097230982408e-05)	(96.0, 3.268048615491204e-05)	(97.0, 9.804145846473611e-05)	(98.0, 0.0002941243753942084)	(99.0, 0.00042484632001385655)	(100.0, 0.00026144388923929633)
DRR898377_2_paired	(0.0, 6.534271436902624e-05)	(1.0, 3.267135718451312e-05)	(2.0, 0.0)	(3.0, 0.0)	(4.0, 0.0)	(5.0, 0.0)	(6.0, 0.0)	(7.0, 0.0)	(8.0, 0.0)	(9.0, 0.0)	(10.0, 0.0)	(11.0, 0.0)	(12.0, 0.0)	(13.0, 3.267135718451312e-05)	(14.0, 6.534271436902624e-05)	(15.0, 9.801407155353938e-05)	(16.0, 0.00016335678592256563)	(17.0, 0.00022869950029159186)	(18.0, 0.00032671357184513127)	(19.0, 0.0005880844293212362)	(20.0, 0.0005554130721367231)	(21.0, 0.0009147980011663674)	(22.0, 0.0017315819307791955)	(23.0, 0.0028097367178681284)	(24.0, 0.004051248290879627)	(25.0, 0.0069589990803012956)	(26.0, 0.010422162941859686)	(27.0, 0.013917998160602591)	(28.0, 0.020452269597505214)	(29.0, 0.03074374711062685)	(30.0, 0.043028177412003786)	(31.0, 0.058416386645909466)	(32.0, 0.08131900803225316)	(33.0, 0.10641061034995923)	(34.0, 0.13411592124242638)	(35.0, 0.16871488850082578)	(36.0, 0.21269053527118043)	(37.0, 0.2566988533987196)	(38.0, 0.2981588056658668)	(39.0, 0.3520012023059444)	(40.0, 0.42188523532361794)	(41.0, 0.506765421288983)	(42.0, 0.595010757044353)	(43.0, 0.6997877995350865)	(44.0, 0.827532806126533)	(45.0, 0.9749132983858716)	(46.0, 1.163590386126435)	(47.0, 1.3761829073260619)	(48.0, 1.6155986127741737)	(49.0, 1.9248656798827752)	(50.0, 2.2734037183271614)	(51.0, 2.63115507949758)	(52.0, 3.07368861256181)	(53.0, 3.5446462263765666)	(54.0, 4.001032414887031)	(55.0, 4.501067536596004)	(56.0, 4.9548073451745225)	(57.0, 5.31494371541941)	(58.0, 5.583861656405138)	(59.0, 5.731144134592923)	(60.0, 5.764109533992097)	(61.0, 5.662501613148261)	(62.0, 5.427757911777534)	(63.0, 5.105193602294836)	(64.0, 4.65602778372215)	(65.0, 4.115382165032826)	(66.0, 3.5601651210392102)	(67.0, 3.007986513263754)	(68.0, 2.4547624220583932)	(69.0, 1.9199976476622829)	(70.0, 1.4545941645688933)	(71.0, 1.0634853477130868)	(72.0, 0.7497749760273916)	(73.0, 0.5129076364396715)	(74.0, 0.33350921413950996)	(75.0, 0.2034445411879632)	(76.0, 0.12117806379735917)	(77.0, 0.0714522581625302)	(78.0, 0.0418193371961768)	(79.0, 0.02394810481624812)	(80.0, 0.013101214230989764)	(81.0, 0.006109543793503954)	(82.0, 0.0033651497900048515)	(83.0, 0.002286995002915919)	(84.0, 0.0017642532879637086)	(85.0, 0.0011761688586424724)	(86.0, 0.0010128120727199068)	(87.0, 0.0011434975014579594)	(88.0, 0.0010128120727199068)	(89.0, 0.0009801407155353937)	(90.0, 0.0011761688586424724)	(91.0, 0.0014048683589340642)	(92.0, 0.0016008965020411431)	(93.0, 0.0021889809313623792)	(94.0, 0.0031037789325287467)	(95.0, 0.0036591920046654697)	(96.0, 0.005194745792337587)	(97.0, 0.009638050369431371)	(98.0, 0.014865467518953469)	(99.0, 0.035677122045488334)	(100.0, 0.11794359943609238)
DRR898379_1_paired	(0.0, 0.0)	(1.0, 0.0)	(2.0, 0.0)	(3.0, 0.0)	(4.0, 0.0)	(5.0, 0.0)	(6.0, 0.0)	(7.0, 0.0)	(8.0, 0.0)	(9.0, 0.0)	(10.0, 0.0)	(11.0, 0.0)	(12.0, 0.0)	(13.0, 0.0)	(14.0, 1.3521946457148614e-05)	(15.0, 5.4087785828594456e-05)	(16.0, 4.056583937144584e-05)	(17.0, 2.7043892914297228e-05)	(18.0, 6.760973228574307e-05)	(19.0, 0.00025691698268582366)	(20.0, 0.000703141215771728)	(21.0, 0.0015279799496577934)	(22.0, 0.002528603987486791)	(23.0, 0.003948408365487395)	(24.0, 0.0074370705514317376)	(25.0, 0.011723527578347848)	(26.0, 0.017118784214750146)	(27.0, 0.02456937671263903)	(28.0, 0.03384543198224298)	(29.0, 0.046907632259848536)	(30.0, 0.06322862163362691)	(31.0, 0.0848366920721504)	(32.0, 0.1121780678085049)	(33.0, 0.14034428227874546)	(34.0, 0.17063344234275835)	(35.0, 0.21228103743077606)	(36.0, 0.2613792250166827)	(37.0, 0.31744121502802086)	(38.0, 0.37718117447570343)	(39.0, 0.434379007989442)	(40.0, 0.5046796076201577)	(41.0, 0.5851216670937348)	(42.0, 0.6725680948321149)	(43.0, 0.7842323286752482)	(44.0, 0.9241303867209076)	(45.0, 1.0958726286731522)	(46.0, 1.301406214821811)	(47.0, 1.5277500765680219)	(48.0, 1.795538704205393)	(49.0, 2.1237433886133044)	(50.0, 2.4816017016017424)	(51.0, 2.8616495287263612)	(52.0, 3.2779496943025954)	(53.0, 3.7057705582603204)	(54.0, 4.136552728492162)	(55.0, 4.541034712864848)	(56.0, 4.87151108427756)	(57.0, 5.137771731965273)	(58.0, 5.347672906819591)	(59.0, 5.455077727528723)	(60.0, 5.454077103490893)	(61.0, 5.3890771068713805)	(62.0, 5.205097503375415)	(63.0, 4.87051046023973)	(64.0, 4.439498416918119)	(65.0, 3.9413634313832207)	(66.0, 3.424392374433515)	(67.0, 2.9085571609862098)	(68.0, 2.3959536927421627)	(69.0, 1.8973860049206364)	(70.0, 1.4363822843570686)	(71.0, 1.060810221509766)	(72.0, 0.7611774099658097)	(73.0, 0.5202298460458786)	(74.0, 0.3390628074130015)	(75.0, 0.2131734858969479)	(76.0, 0.12653837494599673)	(77.0, 0.06889431719917219)	(78.0, 0.03983565426275982)	(79.0, 0.02378510381812441)	(80.0, 0.01257541020514821)	(81.0, 0.006639275710459969)	(82.0, 0.003461618293030045)	(83.0, 0.002028291968572292)	(84.0, 0.0011628873953147807)	(85.0, 0.0005138339653716473)	(86.0, 0.0002298730897715264)	(87.0, 0.00018930725040008058)	(88.0, 8.113167874289168e-05)	(89.0, 5.4087785828594456e-05)	(90.0, 5.4087785828594456e-05)	(91.0, 2.7043892914297228e-05)	(92.0, 5.4087785828594456e-05)	(93.0, 6.760973228574307e-05)	(94.0, 8.113167874289168e-05)	(95.0, 0.00013521946457148613)	(96.0, 0.00014874141102863474)	(97.0, 0.00012169751811433752)	(98.0, 0.00016226335748578335)	(99.0, 0.00010817557165718891)	(100.0, 1.3521946457148614e-05)
DRR898379_2_paired	(0.0, 0.0)	(1.0, 0.0)	(2.0, 0.0)	(3.0, 0.0)	(4.0, 0.0)	(5.0, 0.0)	(6.0, 0.0)	(7.0, 0.0)	(8.0, 0.0)	(9.0, 0.0)	(10.0, 0.0)	(11.0, 0.0)	(12.0, 1.352545063758298e-05)	(13.0, 1.352545063758298e-05)	(14.0, 2.705090127516596e-05)	(15.0, 2.705090127516596e-05)	(16.0, 2.705090127516596e-05)	(17.0, 6.76272531879149e-05)	(18.0, 0.00016230540765099576)	(19.0, 0.00031108536466440854)	(20.0, 0.0007438997850670639)	(21.0, 0.0015148504714092936)	(22.0, 0.0026780392262414302)	(23.0, 0.004206415148288307)	(24.0, 0.007087336134093482)	(25.0, 0.011537209393858282)	(26.0, 0.01624406621573716)	(27.0, 0.024197031190635952)	(28.0, 0.034544000928386935)	(29.0, 0.04578365040821839)	(30.0, 0.06277161640902262)	(31.0, 0.08561610253590027)	(32.0, 0.10852821591596583)	(33.0, 0.13744562937911825)	(34.0, 0.1734774298776393)	(35.0, 0.21230899865814)	(36.0, 0.25998621215562007)	(37.0, 0.314737236336556)	(38.0, 0.3711924672978273)	(39.0, 0.43462683078809144)	(40.0, 0.5039177144044291)	(41.0, 0.5796196616229811)	(42.0, 0.6682519396510623)	(43.0, 0.7858692583954839)	(44.0, 0.9371784746781248)	(45.0, 1.097969031857711)	(46.0, 1.293452369922698)	(47.0, 1.52768612406436)	(48.0, 1.7958281829544425)	(49.0, 2.1231170374826758)	(50.0, 2.4787822874485577)	(51.0, 2.863567832637156)	(52.0, 3.2928385849727646)	(53.0, 3.7089896501899178)	(54.0, 4.1254788516730105)	(55.0, 4.525859241446742)	(56.0, 4.864604152665007)	(57.0, 5.1551984596134774)	(58.0, 5.364369553723699)	(59.0, 5.47454787461745)	(60.0, 5.477266490195603)	(61.0, 5.3807894507977245)	(62.0, 5.172903274498074)	(63.0, 4.837634404093667)	(64.0, 4.417168720123125)	(65.0, 3.9177955571329233)	(66.0, 3.3802400469928258)	(67.0, 2.8590097557722904)	(68.0, 2.362693344626183)	(69.0, 1.8670937823638674)	(70.0, 1.406024695579301)	(71.0, 1.0395796614552655)	(72.0, 0.7407483550685071)	(73.0, 0.503823036249966)	(74.0, 0.33148174422588367)	(75.0, 0.21176798063263672)	(76.0, 0.12485343483552849)	(77.0, 0.06765430408919007)	(78.0, 0.03984597757831946)	(79.0, 0.023845369474058794)	(80.0, 0.013173788921005822)	(81.0, 0.007141437936643813)	(82.0, 0.003746549826610486)	(83.0, 0.0023669538615770217)	(84.0, 0.0018800376386240345)	(85.0, 0.0017447831322482045)	(86.0, 0.0014877995701341278)	(87.0, 0.0011902396561073022)	(88.0, 0.0011090869522818044)	(89.0, 0.0011496633041945534)	(90.0, 0.0012849178105703832)	(91.0, 0.0016501049777851238)	(92.0, 0.00217759755265086)	(93.0, 0.002610411973053515)	(94.0, 0.0030432263934561704)	(95.0, 0.003962957036811813)	(96.0, 0.006167605490737839)	(97.0, 0.009697748107146997)	(98.0, 0.014472232182213789)	(99.0, 0.05122088156452675)	(100.0, 0.229499846418508)
DRR898407_1_paired	(0.0, 0.0)	(1.0, 0.0)	(2.0, 0.0)	(3.0, 0.0)	(4.0, 0.0)	(5.0, 0.0)	(6.0, 0.0)	(7.0, 0.0)	(8.0, 0.0)	(9.0, 0.0)	(10.0, 0.0)	(11.0, 0.0)	(12.0, 0.0)	(13.0, 0.0)	(14.0, 2.6815697587579396e-05)	(15.0, 2.6815697587579396e-05)	(16.0, 0.0)	(17.0, 2.6815697587579396e-05)	(18.0, 0.000134078487937897)	(19.0, 0.000268156975875794)	(20.0, 0.00032178837105095276)	(21.0, 0.000804470927627382)	(22.0, 0.001608941855254764)	(23.0, 0.0030033581298088926)	(24.0, 0.005094982541640086)	(25.0, 0.0070525284655333816)	(26.0, 0.010967620313319973)	(27.0, 0.017698360407802403)	(28.0, 0.026118489450302332)	(29.0, 0.03743471383226084)	(30.0, 0.053926367848622175)	(31.0, 0.0727509875551029)	(32.0, 0.09522254213349443)	(33.0, 0.12412986413290503)	(34.0, 0.15783719600049234)	(35.0, 0.19495012146170224)	(36.0, 0.23394014575404265)	(37.0, 0.28550673221495787)	(38.0, 0.34463534539557045)	(39.0, 0.40472932368933584)	(40.0, 0.4804300379790725)	(41.0, 0.5663475330496769)	(42.0, 0.6599075019327414)	(43.0, 0.7753222643496831)	(44.0, 0.9164264650555259)	(45.0, 1.066835712824259)	(46.0, 1.241888586675977)	(47.0, 1.4611069144544386)	(48.0, 1.6965219235757982)	(49.0, 1.9889202900707639)	(50.0, 2.33460144767225)	(51.0, 2.7112815516849778)	(52.0, 3.127487993941798)	(53.0, 3.572789468081141)	(54.0, 4.0336976782164555)	(55.0, 4.4869902302368985)	(56.0, 4.898986607972468)	(57.0, 5.223831968548405)	(58.0, 5.459354240460114)	(59.0, 5.591287472591005)	(60.0, 5.614483051004261)	(61.0, 5.512583400171459)	(62.0, 5.301946095621023)	(63.0, 4.981981192006026)	(64.0, 4.547245102716189)	(65.0, 4.043565854928685)	(66.0, 3.5101748142141433)	(67.0, 2.98555250661074)	(68.0, 2.45535253390912)	(69.0, 1.9394453280216801)	(70.0, 1.4741661591795898)	(71.0, 1.0715016442044976)	(72.0, 0.7618071527655431)	(73.0, 0.5304144982823205)	(74.0, 0.35152697967557833)	(75.0, 0.22313341962624816)	(76.0, 0.13415893503065973)	(77.0, 0.07819457416538152)	(78.0, 0.04687383938308879)	(79.0, 0.026735250494816662)	(80.0, 0.01515086913698236)	(81.0, 0.00887599590148878)	(82.0, 0.005148613936815244)	(83.0, 0.0028692796418709953)	(84.0, 0.0015284947624920257)	(85.0, 0.0009653651131528583)	(86.0, 0.000268156975875794)	(87.0, 0.00010726279035031759)	(88.0, 0.000134078487937897)	(89.0, 0.00010726279035031759)	(90.0, 5.363139517515879e-05)	(91.0, 0.00010726279035031759)	(92.0, 0.00010726279035031759)	(93.0, 2.6815697587579396e-05)	(94.0, 2.6815697587579396e-05)	(95.0, 2.6815697587579396e-05)	(96.0, 5.363139517515879e-05)	(97.0, 0.00021452558070063517)	(98.0, 0.00048268255657642916)	(99.0, 0.00048268255657642916)	(100.0, 0.0001877098831130558)
DRR898407_2_paired	(0.0, 0.0)	(1.0, 0.0)	(2.0, 0.0)	(3.0, 0.0)	(4.0, 0.0)	(5.0, 0.0)	(6.0, 2.6815489055526294e-05)	(7.0, 5.363097811105259e-05)	(8.0, 2.6815489055526294e-05)	(9.0, 0.0)	(10.0, 0.0)	(11.0, 0.0)	(12.0, 0.0)	(13.0, 0.0)	(14.0, 0.0)	(15.0, 0.0)	(16.0, 2.6815489055526294e-05)	(17.0, 0.00013407744527763147)	(18.0, 0.0003217858686663156)	(19.0, 0.0005094942920549996)	(20.0, 0.0008580956497768414)	(21.0, 0.0013407744527763148)	(22.0, 0.0019038997229423671)	(23.0, 0.0034323825991073656)	(24.0, 0.005818961125049206)	(25.0, 0.008366432585324204)	(26.0, 0.013193220615318938)	(27.0, 0.01946804505431209)	(28.0, 0.027754031172469718)	(29.0, 0.038909274619568654)	(30.0, 0.053925948490663386)	(31.0, 0.07417164272758574)	(32.0, 0.09814468994322624)	(33.0, 0.12627413796247333)	(34.0, 0.15617340825938517)	(35.0, 0.18730619105285118)	(36.0, 0.23141767054919193)	(37.0, 0.2815894505720817)	(38.0, 0.33613215531102214)	(39.0, 0.4046457298478918)	(40.0, 0.4741782929688715)	(41.0, 0.5562068739897265)	(42.0, 0.6507314729104566)	(43.0, 0.7554727731613423)	(44.0, 0.9037892431274582)	(45.0, 1.061973813066008)	(46.0, 1.224153890873831)	(47.0, 1.4364253022373772)	(48.0, 1.697286379769537)	(49.0, 2.005128194126979)	(50.0, 2.3395441581384473)	(51.0, 2.691711975904674)	(52.0, 3.1052336326299455)	(53.0, 3.563108108253057)	(54.0, 4.027632825161938)	(55.0, 4.481458161937666)	(56.0, 4.8844681469531706)	(57.0, 5.229932092455516)	(58.0, 5.490739539009565)	(59.0, 5.612910907146542)	(60.0, 5.605858433524939)	(61.0, 5.503637789245273)	(62.0, 5.29284122977978)	(63.0, 4.963788363579417)	(64.0, 4.549891290007369)	(65.0, 4.063029270715234)	(66.0, 3.5052939138493424)	(67.0, 2.959598711569382)	(68.0, 2.430073249189904)	(69.0, 1.9317342005820033)	(70.0, 1.4794105311933858)	(71.0, 1.0701525372279435)	(72.0, 0.7720983763757686)	(73.0, 0.5410829381624096)	(74.0, 0.3502639180432845)	(75.0, 0.21688367548109666)	(76.0, 0.1288216094227483)	(77.0, 0.07537833973508443)	(78.0, 0.04510365259139523)	(79.0, 0.026466887697804458)	(80.0, 0.014373102133762096)	(81.0, 0.008071462205713415)	(82.0, 0.005202204876772101)	(83.0, 0.0038614304239957867)	(84.0, 0.002708364394608156)	(85.0, 0.001796637766720262)	(86.0, 0.0011530660293876307)	(87.0, 0.0012871434746652623)	(88.0, 0.0013675899418318413)	(89.0, 0.0013139589637207886)	(90.0, 0.0013407744527763148)	(91.0, 0.0015821138542760516)	(92.0, 0.0020111616791644725)	(93.0, 0.0023597630368863143)	(94.0, 0.002815626350830261)	(95.0, 0.0033787516209963135)	(96.0, 0.0054435442782718385)	(97.0, 0.009278159213212098)	(98.0, 0.013085958659096833)	(99.0, 0.03335846838507471)	(100.0, 0.1087904390982702)
DRR898409_1_paired	(0.0, 0.0)	(1.0, 0.0)	(2.0, 0.0)	(3.0, 0.0)	(4.0, 0.0)	(5.0, 0.0)	(6.0, 0.0)	(7.0, 0.0)	(8.0, 0.0)	(9.0, 0.0)	(10.0, 0.0)	(11.0, 0.0)	(12.0, 0.0)	(13.0, 0.0)	(14.0, 2.3042462188471673e-05)	(15.0, 0.00011521231094235836)	(16.0, 0.00018433969750777338)	(17.0, 0.0005299766303348485)	(18.0, 0.0012442929581774705)	(19.0, 0.002304246218847167)	(20.0, 0.0038480911854747693)	(21.0, 0.005714530622740975)	(22.0, 0.00785747960626884)	(23.0, 0.012604226817094005)	(24.0, 0.020346494112420486)	(25.0, 0.030669517172855796)	(26.0, 0.044725419107823516)	(27.0, 0.06200726574917727)	(28.0, 0.08318328850038274)	(29.0, 0.11069598835341793)	(30.0, 0.14461449269484822)	(31.0, 0.18417840027245408)	(32.0, 0.23371969397766815)	(33.0, 0.2836987944644632)	(34.0, 0.3312814788836572)	(35.0, 0.38803506325386294)	(36.0, 0.45677072796207396)	(37.0, 0.5385945111933368)	(38.0, 0.6223077763240544)	(39.0, 0.7133255019685175)	(40.0, 0.7834897993324139)	(41.0, 0.8633319308154681)	(42.0, 0.9697420212018304)	(43.0, 1.098595469759764)	(44.0, 1.2690175201057003)	(45.0, 1.418632227095447)	(46.0, 1.5926028166184083)	(47.0, 1.8333965464879372)	(48.0, 2.08347638861942)	(49.0, 2.345630480937662)	(50.0, 2.6347442540164163)	(51.0, 2.928028712751284)	(52.0, 3.2862929148576416)	(53.0, 3.6794203622551565)	(54.0, 4.053099971565602)	(55.0, 4.422793234917441)	(56.0, 4.740364448798958)	(57.0, 4.969429565414555)	(58.0, 5.097084805938688)	(59.0, 5.176097408782957)	(60.0, 5.16277886563802)	(61.0, 5.018279585254114)	(62.0, 4.767393256946035)	(63.0, 4.432194559490338)	(64.0, 4.015863352669031)	(65.0, 3.5367644788463286)	(66.0, 3.0538866412247163)	(67.0, 2.5780137121083992)	(68.0, 2.1186852708434047)	(69.0, 1.675555680496906)	(70.0, 1.267081953281869)	(71.0, 0.9165139335464607)	(72.0, 0.6517330005387327)	(73.0, 0.46177094225697235)	(74.0, 0.3113036641662523)	(75.0, 0.19897166099745286)	(76.0, 0.1250283998346473)	(77.0, 0.07486495965034447)	(78.0, 0.04334287137651521)	(79.0, 0.024862816701360934)	(80.0, 0.013687222539952174)	(81.0, 0.00841049869879216)	(82.0, 0.005046299219275296)	(83.0, 0.0027190105382396573)	(84.0, 0.001566887428816074)	(85.0, 0.0011521231094235836)	(86.0, 0.0008525711009734518)	(87.0, 0.0005069341681463768)	(88.0, 0.00023042462188471673)	(89.0, 0.00023042462188471673)	(90.0, 0.00027650954626166007)	(91.0, 0.00018433969750777338)	(92.0, 0.00013825477313083004)	(93.0, 0.00023042462188471673)	(94.0, 0.00027650954626166007)	(95.0, 0.00023042462188471673)	(96.0, 0.0002534670840731884)	(97.0, 0.00029955200845013173)	(98.0, 0.00036867939501554676)	(99.0, 0.0003917218572040185)	(100.0, 0.00020738215969624504)
DRR898409_2_paired	(0.0, 0.0)	(1.0, 0.0)	(2.0, 0.0)	(3.0, 2.3053527293416766e-05)	(4.0, 4.610705458683353e-05)	(5.0, 2.3053527293416766e-05)	(6.0, 0.0)	(7.0, 0.0)	(8.0, 0.0)	(9.0, 0.0)	(10.0, 0.0)	(11.0, 0.0)	(12.0, 0.0)	(13.0, 0.0)	(14.0, 0.0)	(15.0, 6.916058188025029e-05)	(16.0, 0.00013832116376050058)	(17.0, 0.00036885643669466825)	(18.0, 0.0011526763646708383)	(19.0, 0.0024436738931021772)	(20.0, 0.003826885530707183)	(21.0, 0.005740328296060774)	(22.0, 0.007354075206599949)	(23.0, 0.011711191865055717)	(24.0, 0.018973052962481998)	(25.0, 0.02807919624338162)	(26.0, 0.040712529200174014)	(27.0, 0.05839458463422467)	(28.0, 0.08213971774644394)	(29.0, 0.10581569027678295)	(30.0, 0.13945078659787802)	(31.0, 0.17967919172489027)	(32.0, 0.22444914172870564)	(33.0, 0.27592766817490527)	(34.0, 0.3249394672007093)	(35.0, 0.3822735895794368)	(36.0, 0.4442875779987279)	(37.0, 0.5261275998903575)	(38.0, 0.6168893368445392)	(39.0, 0.6975305753169111)	(40.0, 0.7712788091285513)	(41.0, 0.8587669452070679)	(42.0, 0.9693316621062948)	(43.0, 1.0983161473129615)	(44.0, 1.2581462520382198)	(45.0, 1.4086857852642314)	(46.0, 1.5762849286873715)	(47.0, 1.8153730602473965)	(48.0, 2.0651119214169804)	(49.0, 2.325847315105524)	(50.0, 2.638199556404028)	(51.0, 2.937641822418218)	(52.0, 3.259607384598077)	(53.0, 3.634918808934902)	(54.0, 4.023716546738376)	(55.0, 4.405091048753369)	(56.0, 4.730237997699719)	(57.0, 4.96801207820402)	(58.0, 5.106217974328054)	(59.0, 5.157719554301546)	(60.0, 5.142342851596837)	(61.0, 5.034959521464102)	(62.0, 4.790522971572004)	(63.0, 4.4547714000706815)	(64.0, 4.045894039994642)	(65.0, 3.5543006239898234)	(66.0, 3.059041697145351)	(67.0, 2.591815859489673)	(68.0, 2.1261807152172416)	(69.0, 1.6807404608538425)	(70.0, 1.2694885874665809)	(71.0, 0.9210114688992932)	(72.0, 0.663065552013253)	(73.0, 0.46547376958137787)	(74.0, 0.3103696379512699)	(75.0, 0.19909026170594718)	(76.0, 0.12368217392918096)	(77.0, 0.07307968152013114)	(78.0, 0.04340979189350377)	(79.0, 0.025935218205093865)	(80.0, 0.014662043358613062)	(81.0, 0.00899087564443254)	(82.0, 0.006201398841929109)	(83.0, 0.003942153167174267)	(84.0, 0.0022361921474614264)	(85.0, 0.001452372219485256)	(86.0, 0.000991301673616921)	(87.0, 0.0009451946190300874)	(88.0, 0.0011296228373774216)	(89.0, 0.0012218369465510886)	(90.0, 0.0011526763646708383)	(91.0, 0.0010604622554971712)	(92.0, 0.000991301673616921)	(93.0, 0.0014293186921918394)	(94.0, 0.002259245674754843)	(95.0, 0.003043065602731013)	(96.0, 0.004772080149737271)	(97.0, 0.007169646988252614)	(98.0, 0.00998217731804946)	(99.0, 0.030015692536028628)	(100.0, 0.13410236826580532)
DRR898410_1_paired	(0.0, 0.0)	(1.0, 0.0)	(2.0, 0.0)	(3.0, 0.0)	(4.0, 0.0)	(5.0, 0.0)	(6.0, 0.0)	(7.0, 0.0)	(8.0, 0.0)	(9.0, 0.0)	(10.0, 0.0)	(11.0, 0.0)	(12.0, 0.0)	(13.0, 1.1854428565569096e-05)	(14.0, 3.556328569670729e-05)	(15.0, 4.741771426227638e-05)	(16.0, 7.112657139341458e-05)	(17.0, 0.00021337971418024373)	(18.0, 0.00040305057122934926)	(19.0, 0.000604575856844024)	(20.0, 0.001339550427909308)	(21.0, 0.002572410998728494)	(22.0, 0.0035207652839740217)	(23.0, 0.004955151140407883)	(24.0, 0.007800213996144466)	(25.0, 0.012162643708273893)	(26.0, 0.01944126284753332)	(27.0, 0.027751217271997253)	(28.0, 0.0382423865525259)	(29.0, 0.05306042225948728)	(30.0, 0.07246612182132389)	(31.0, 0.0954400043813968)	(32.0, 0.12077291822601796)	(33.0, 0.14988739478305566)	(34.0, 0.18357768076640305)	(35.0, 0.2245584403175754)	(36.0, 0.27122932558022095)	(37.0, 0.3223100582692582)	(38.0, 0.3745999426719835)	(39.0, 0.4324614085005262)	(40.0, 0.5007666258953354)	(41.0, 0.5927688459927172)	(42.0, 0.6962580073701353)	(43.0, 0.8131071097409499)	(44.0, 0.9539258666713452)	(45.0, 1.1123603044501762)	(46.0, 1.2939701500746947)	(47.0, 1.512008654681207)	(48.0, 1.7799305946916342)	(49.0, 2.0676020126922996)	(50.0, 2.373043219112753)	(51.0, 2.734200239791381)	(52.0, 3.13923050059118)	(53.0, 3.5328568011109023)	(54.0, 3.917201084063784)	(55.0, 4.313210124725185)	(56.0, 4.68804715596848)	(57.0, 5.008579049952902)	(58.0, 5.261611827684975)	(59.0, 5.40087765447328)	(60.0, 5.450938906305678)	(61.0, 5.384909739195459)	(62.0, 5.189572465292011)	(63.0, 4.929984188563179)	(64.0, 4.5596399857462355)	(65.0, 4.087655912408102)	(66.0, 3.5579289175270814)	(67.0, 3.027075751932331)	(68.0, 2.518686728469335)	(69.0, 2.030995537281822)	(70.0, 1.5690640193672913)	(71.0, 1.1464417865761873)	(72.0, 0.8252460445920926)	(73.0, 0.5856561888533757)	(74.0, 0.3890386366648466)	(75.0, 0.25194217030404004)	(76.0, 0.15740310249362646)	(77.0, 0.09220374538299644)	(78.0, 0.05816968097124756)	(79.0, 0.03561070341096957)	(80.0, 0.019239737561918643)	(81.0, 0.010372624994872959)	(82.0, 0.005630853568645321)	(83.0, 0.0022286325703269904)	(84.0, 0.0009483542852455277)	(85.0, 0.0005453037140161785)	(86.0, 0.00035563285696707287)	(87.0, 0.00018967085704910553)	(88.0, 0.00010668985709012186)	(89.0, 5.927214282784548e-05)	(90.0, 5.927214282784548e-05)	(91.0, 0.00010668985709012186)	(92.0, 0.00010668985709012186)	(93.0, 7.112657139341458e-05)	(94.0, 7.112657139341458e-05)	(95.0, 8.298099995898367e-05)	(96.0, 0.00014225314278682916)	(97.0, 0.00017781642848353643)	(98.0, 0.00014225314278682916)	(99.0, 8.298099995898367e-05)	(100.0, 2.370885713113819e-05)
DRR898410_2_paired	(0.0, 2.3707378874259855e-05)	(1.0, 1.1853689437129927e-05)	(2.0, 0.0)	(3.0, 0.0)	(4.0, 0.0)	(5.0, 0.0)	(6.0, 0.0)	(7.0, 0.0)	(8.0, 0.0)	(9.0, 0.0)	(10.0, 0.0)	(11.0, 0.0)	(12.0, 0.0)	(13.0, 1.1853689437129927e-05)	(14.0, 3.556106831138978e-05)	(15.0, 5.926844718564964e-05)	(16.0, 5.926844718564964e-05)	(17.0, 0.00010668320493416935)	(18.0, 0.0002607811676168584)	(19.0, 0.00041487913029954746)	(20.0, 0.0009364414655332644)	(21.0, 0.0020862493409348672)	(22.0, 0.0032123498374622105)	(23.0, 0.004717768395977711)	(24.0, 0.0070529452150923065)	(25.0, 0.011664030406135848)	(26.0, 0.018989610478282144)	(27.0, 0.027642803767386995)	(28.0, 0.0394490784467684)	(29.0, 0.054313605000929334)	(30.0, 0.07357585033626546)	(31.0, 0.09584893278863259)	(32.0, 0.12319539432009134)	(33.0, 0.15409796268268905)	(34.0, 0.1859251188213829)	(35.0, 0.22297975200185108)	(36.0, 0.2659967909691956)	(37.0, 0.3172402904059083)	(38.0, 0.37533522233728206)	(39.0, 0.43782787304983106)	(40.0, 0.5050027310900462)	(41.0, 0.5949722339178625)	(42.0, 0.702864515174619)	(43.0, 0.8185802314598815)	(44.0, 0.9538071205586597)	(45.0, 1.113594854171171)	(46.0, 1.3021633457370339)	(47.0, 1.5261743687199152)	(48.0, 1.7777215122652494)	(49.0, 2.070519495051796)	(50.0, 2.3943385830953114)	(51.0, 2.732322830016197)	(52.0, 3.1411684323922455)	(53.0, 3.5422024534292254)	(54.0, 3.914811327195967)	(55.0, 4.3196385288528285)	(56.0, 4.694831506916865)	(57.0, 5.006192367361956)	(58.0, 5.24960787995342)	(59.0, 5.386494285573396)	(60.0, 5.4317872329126695)	(61.0, 5.362632808736453)	(62.0, 5.156378612530393)	(63.0, 4.888378548046322)	(64.0, 4.510791124715985)	(65.0, 4.034960323330717)	(66.0, 3.5074237286206857)	(67.0, 2.982933532095998)	(68.0, 2.4779782157637)	(69.0, 1.9876503521968205)	(70.0, 1.5323857019849714)	(71.0, 1.1231252204786235)	(72.0, 0.8069636158114941)	(73.0, 0.5678746998645835)	(74.0, 0.38254226551505705)	(75.0, 0.24713757107472184)	(76.0, 0.15408610899325192)	(77.0, 0.09034882088980431)	(78.0, 0.05623390268974438)	(79.0, 0.03393711285850298)	(80.0, 0.018622146105731117)	(81.0, 0.011047638555405094)	(82.0, 0.00646026074323581)	(83.0, 0.00329532566352212)	(84.0, 0.0018847366205036586)	(85.0, 0.0015528333162640204)	(86.0, 0.0013750279747070716)	(87.0, 0.0013750279747070716)	(88.0, 0.0014105890430184615)	(89.0, 0.001469857490204111)	(90.0, 0.0017543460366952295)	(91.0, 0.0020743956514977374)	(92.0, 0.002157371477557647)	(93.0, 0.0023707378874259855)	(94.0, 0.0036983511043845374)	(95.0, 0.005286745488959948)	(96.0, 0.008712461736290497)	(97.0, 0.014971209759095098)	(98.0, 0.02191747176925324)	(99.0, 0.06888178931916202)	(100.0, 0.3140516479473203)
DRR898411_1_paired	(0.0, 0.0)	(1.0, 0.0)	(2.0, 0.0)	(3.0, 0.0)	(4.0, 0.0)	(5.0, 0.0)	(6.0, 0.0)	(7.0, 0.0)	(8.0, 0.0)	(9.0, 0.0)	(10.0, 0.0)	(11.0, 0.0)	(12.0, 0.0)	(13.0, 0.0)	(14.0, 4.792409589994983e-05)	(15.0, 9.584819179989966e-05)	(16.0, 9.584819179989966e-05)	(17.0, 9.584819179989966e-05)	(18.0, 0.00014377228769984948)	(19.0, 0.0005750891507993979)	(20.0, 0.001102254205698846)	(21.0, 0.001341874685198595)	(22.0, 0.0017252674523981937)	(23.0, 0.003019218041696839)	(24.0, 0.006278056562893427)	(25.0, 0.010111984234889413)	(26.0, 0.0132749745642861)	(27.0, 0.020271892565678774)	(28.0, 0.031581979198066934)	(29.0, 0.04270036944685529)	(30.0, 0.05640666087424095)	(31.0, 0.0807041774955155)	(32.0, 0.10758959529538735)	(33.0, 0.12743017099796658)	(34.0, 0.1520631562905408)	(35.0, 0.18723944268110396)	(36.0, 0.22423684471586525)	(37.0, 0.2752280827534118)	(38.0, 0.3368105459848474)	(39.0, 0.3983450851203829)	(40.0, 0.46802672055891)	(41.0, 0.5552964991927186)	(42.0, 0.6643717414610044)	(43.0, 0.7973611075833652)	(44.0, 0.9363889097891196)	(45.0, 1.0931486274778555)	(46.0, 1.291123067640548)	(47.0, 1.5182832822063104)	(48.0, 1.7939426818228217)	(49.0, 2.1167114677089836)	(50.0, 2.4433141812671417)	(51.0, 2.8153010136425523)	(52.0, 3.2604200163612864)	(53.0, 3.6608258376053673)	(54.0, 4.05883545405445)	(55.0, 4.491302495455598)	(56.0, 4.849583036403622)	(57.0, 5.120450026430139)	(58.0, 5.294654115026456)	(59.0, 5.412020225885433)	(60.0, 5.421077880010524)	(61.0, 5.313679981098737)	(62.0, 5.149156559874209)	(63.0, 4.882458966190988)	(64.0, 4.459241275298531)	(65.0, 3.971901144091942)	(66.0, 3.4940979079694414)	(67.0, 2.9902239636773693)	(68.0, 2.4827077880969006)	(69.0, 1.9979076339730082)	(70.0, 1.549194324061778)	(71.0, 1.1468236148857993)	(72.0, 0.8266427301782345)	(73.0, 0.5837634121572888)	(74.0, 0.3989201742711823)	(75.0, 0.2561063684893318)	(76.0, 0.1538842719347389)	(77.0, 0.08674261357890918)	(78.0, 0.051039162133446565)	(79.0, 0.030048408129268536)	(80.0, 0.015527407071583742)	(81.0, 0.009201426412790367)	(82.0, 0.004792409589994983)	(83.0, 0.002204508411397692)	(84.0, 0.0011981023974987457)	(85.0, 0.0009584819179989965)	(86.0, 0.0004792409589994983)	(87.0, 9.584819179989966e-05)	(88.0, 0.0)	(89.0, 0.0)	(90.0, 0.0)	(91.0, 0.0)	(92.0, 0.0)	(93.0, 0.0)	(94.0, 0.0)	(95.0, 0.0)	(96.0, 0.0)	(97.0, 0.0)	(98.0, 0.0)	(99.0, 0.0)	(100.0, 4.792409589994983e-05)
DRR898411_2_paired	(0.0, 0.0)	(1.0, 0.0)	(2.0, 0.0)	(3.0, 0.0)	(4.0, 0.0)	(5.0, 0.0)	(6.0, 0.0)	(7.0, 0.0)	(8.0, 4.707741079889895e-05)	(9.0, 4.707741079889895e-05)	(10.0, 0.0)	(11.0, 0.0)	(12.0, 0.0)	(13.0, 0.0)	(14.0, 9.41548215977979e-05)	(15.0, 0.0001883096431955958)	(16.0, 0.00014123223239669686)	(17.0, 0.00032954187559229266)	(18.0, 0.0004236966971900906)	(19.0, 0.00032954187559229266)	(20.0, 0.0015064771455647664)	(21.0, 0.0024951027723416445)	(22.0, 0.0025421801831405433)	(23.0, 0.003860347685509714)	(24.0, 0.007014534209035944)	(25.0, 0.011439810824132446)	(26.0, 0.018171880568374994)	(27.0, 0.02532764700980764)	(28.0, 0.03389573577520725)	(29.0, 0.050325752144022975)	(30.0, 0.06929794869597926)	(31.0, 0.08596335211878949)	(32.0, 0.10535924536793585)	(33.0, 0.13369984666887302)	(34.0, 0.1715500849511878)	(35.0, 0.20874123948231796)	(36.0, 0.24734471633741512)	(37.0, 0.2923507210611625)	(38.0, 0.35251565206215535)	(39.0, 0.41658800815945685)	(40.0, 0.48630965355262623)	(41.0, 0.5747210310329585)	(42.0, 0.6731598970134561)	(43.0, 0.8053532665367643)	(44.0, 0.9650398439666296)	(45.0, 1.1272686015796354)	(46.0, 1.3158607092400247)	(47.0, 1.5511536084129216)	(48.0, 1.8328648346335328)	(49.0, 2.151625983152878)	(50.0, 2.4854519031278706)	(51.0, 2.839991883854378)	(52.0, 3.2436806814549373)	(53.0, 3.6508061300438146)	(54.0, 4.044184974679415)	(55.0, 4.4668930462427285)	(56.0, 4.8319783669881895)	(57.0, 5.073203019921748)	(58.0, 5.251061477919988)	(59.0, 5.3613167740110095)	(60.0, 5.388480440041974)	(61.0, 5.298656740237675)	(62.0, 5.0948115514784424)	(63.0, 4.797141082997005)	(64.0, 4.400890516302672)	(65.0, 3.9353890783231593)	(66.0, 3.447855412089761)	(67.0, 2.959756816926777)	(68.0, 2.454051270125005)	(69.0, 1.9792285048073097)	(70.0, 1.5480935767109933)	(71.0, 1.1560799769885615)	(72.0, 0.839955163473955)	(73.0, 0.5988246653619947)	(74.0, 0.41037378993400214)	(75.0, 0.2713071184340547)	(76.0, 0.17230332352397018)	(77.0, 0.1039469230439689)	(78.0, 0.06444897538369267)	(79.0, 0.04218136007581346)	(80.0, 0.024668563258623055)	(81.0, 0.014876461812452068)	(82.0, 0.0090388628733886)	(83.0, 0.005178515187878885)	(84.0, 0.0033895735775207247)	(85.0, 0.0017889416103581601)	(86.0, 0.000988625626776878)	(87.0, 0.0008944708051790801)	(88.0, 0.0006120063403856864)	(89.0, 0.0002824644647933937)	(90.0, 0.00014123223239669686)	(91.0, 4.707741079889895e-05)	(92.0, 0.0)	(93.0, 0.0)	(94.0, 0.0)	(95.0, 0.0)	(96.0, 4.707741079889895e-05)	(97.0, 4.707741079889895e-05)	(98.0, 0.0)	(99.0, 0.00014123223239669686)	(100.0, 0.0005649289295867875)
DRR898421_1_paired	(0.0, 0.0)	(1.0, 0.0)	(2.0, 0.0)	(3.0, 0.0)	(4.0, 0.0)	(5.0, 0.0)	(6.0, 0.0)	(7.0, 0.0)	(8.0, 0.0)	(9.0, 0.0)	(10.0, 0.0)	(11.0, 0.0)	(12.0, 0.0)	(13.0, 0.0)	(14.0, 0.0)	(15.0, 2.6358003897821618e-05)	(16.0, 0.00010543201559128647)	(17.0, 0.0003953700584673242)	(18.0, 0.0006062340896498972)	(19.0, 0.0013969742065845457)	(20.0, 0.002741232405373448)	(21.0, 0.003848268569081956)	(22.0, 0.00587783486921422)	(23.0, 0.009093511344748458)	(24.0, 0.012230113808589231)	(25.0, 0.01576208633089733)	(26.0, 0.024512943624974106)	(27.0, 0.03676941543746116)	(28.0, 0.05058100947991968)	(29.0, 0.06776642802129938)	(30.0, 0.09006529931885647)	(31.0, 0.11684503127904323)	(32.0, 0.1492126600655682)	(33.0, 0.1903311461461699)	(34.0, 0.23247759437878668)	(35.0, 0.2833748999054802)	(36.0, 0.3424959026482941)	(37.0, 0.4172999177103118)	(38.0, 0.49579405331802456)	(39.0, 0.5589478306572052)	(40.0, 0.6302989472086084)	(41.0, 0.721813936741845)	(42.0, 0.8320431090425349)	(43.0, 0.9573754175766768)	(44.0, 1.0983643804261245)	(45.0, 1.2730652302608862)	(46.0, 1.4738341459505935)	(47.0, 1.712532229249266)	(48.0, 1.9784844885782864)	(49.0, 2.2718754299649384)	(50.0, 2.619326637346023)	(51.0, 2.9797723406487338)	(52.0, 3.372401166710685)	(53.0, 3.7841659036024535)	(54.0, 4.198434650864516)	(55.0, 4.61135913992779)	(56.0, 4.93527264982812)	(57.0, 5.184619366701512)	(58.0, 5.347880842844619)	(59.0, 5.4083197457823236)	(60.0, 5.386258096519847)	(61.0, 5.215379157250269)	(62.0, 4.950006774007002)	(63.0, 4.5994980381737705)	(64.0, 4.141185066398448)	(65.0, 3.6317902830691473)	(66.0, 3.1159905047926757)	(67.0, 2.6297380488856628)	(68.0, 2.1464640474191032)	(69.0, 1.675472875768929)	(70.0, 1.2559325277273021)	(71.0, 0.9092720604631522)	(72.0, 0.6416856048924673)	(73.0, 0.44144384928071645)	(74.0, 0.29600038377253673)	(75.0, 0.1892241099824614)	(76.0, 0.11347120678012206)	(77.0, 0.06507791162372156)	(78.0, 0.03908891978046945)	(79.0, 0.025013745699032714)	(80.0, 0.014022458073641098)	(81.0, 0.00685308101343362)	(82.0, 0.003980058588571064)	(83.0, 0.002345862346906124)	(84.0, 0.0014233322104823672)	(85.0, 0.0011597521715041512)	(86.0, 0.0007380241091390053)	(87.0, 0.0003953700584673242)	(88.0, 0.00023722203508039455)	(89.0, 0.00023722203508039455)	(90.0, 0.00018450602728475133)	(91.0, 0.00010543201559128647)	(92.0, 7.907401169346485e-05)	(93.0, 0.00010543201559128647)	(94.0, 0.00010543201559128647)	(95.0, 5.2716007795643235e-05)	(96.0, 5.2716007795643235e-05)	(97.0, 2.6358003897821618e-05)	(98.0, 5.2716007795643235e-05)	(99.0, 5.2716007795643235e-05)	(100.0, 0.0)
DRR898421_2_paired	(0.0, 0.0)	(1.0, 0.0)	(2.0, 0.0)	(3.0, 0.0)	(4.0, 0.0)	(5.0, 0.0)	(6.0, 0.0)	(7.0, 0.0)	(8.0, 0.0)	(9.0, 0.0)	(10.0, 0.0)	(11.0, 0.0)	(12.0, 2.638890758103176e-05)	(13.0, 5.277781516206352e-05)	(14.0, 7.916672274309528e-05)	(15.0, 0.00010555563032412704)	(16.0, 0.00023750016822928583)	(17.0, 0.0005805559667826988)	(18.0, 0.0008708339501740481)	(19.0, 0.0018208346230911914)	(20.0, 0.003615280338601351)	(21.0, 0.0058055596678269865)	(22.0, 0.007969450089471591)	(23.0, 0.010872229923385084)	(24.0, 0.013458342866326196)	(25.0, 0.015965289086524215)	(26.0, 0.022931960687916596)	(27.0, 0.03412085750227407)	(28.0, 0.04979586860540693)	(29.0, 0.06900699332439805)	(30.0, 0.09138478695311297)	(31.0, 0.11951536243449284)	(32.0, 0.15184177422125675)	(33.0, 0.1872820771025824)	(34.0, 0.22652238267557662)	(35.0, 0.2789043642239247)	(36.0, 0.33915024023142015)	(37.0, 0.41620585036803287)	(38.0, 0.491915626218013)	(39.0, 0.5511323348298484)	(40.0, 0.6220921073152427)	(41.0, 0.7150074509080555)	(42.0, 0.8278200308169663)	(43.0, 0.9593951240159906)	(44.0, 1.1113952316827336)	(45.0, 1.268725898680845)	(46.0, 1.468199651085864)	(47.0, 1.7200817739468122)	(48.0, 1.978323623534789)	(49.0, 2.274882166930424)	(50.0, 2.618967132879497)	(51.0, 2.9718923828682153)	(52.0, 3.3545051538855954)	(53.0, 3.7659610008890425)	(54.0, 4.2019057541276865)	(55.0, 4.62014355037946)	(56.0, 4.951588229597218)	(57.0, 5.189642564885705)	(58.0, 5.3339898893539495)	(59.0, 5.3851579811535695)	(60.0, 5.3539926813003715)	(61.0, 5.201385628759265)	(62.0, 4.9293951583215705)	(63.0, 4.586603248843968)	(64.0, 4.152927941657292)	(65.0, 3.645865082487767)	(66.0, 3.13289110802009)	(67.0, 2.636225478437492)	(68.0, 2.1468167984396764)	(69.0, 1.6745345194619514)	(70.0, 1.2515731087531743)	(71.0, 0.9033978621290413)	(72.0, 0.637292118081917)	(73.0, 0.44101142349420275)	(74.0, 0.2924418738129939)	(75.0, 0.18849596685130984)	(76.0, 0.11587369318831046)	(77.0, 0.06718615870130687)	(78.0, 0.04037502859897859)	(79.0, 0.024673628588264693)	(80.0, 0.014725010430215721)	(81.0, 0.008180561350119846)	(82.0, 0.004961114625233971)	(83.0, 0.0029291687414945253)	(84.0, 0.0014513899169567466)	(85.0, 0.001002778488079207)	(86.0, 0.0007652783198499211)	(87.0, 0.0006333337819447622)	(88.0, 0.0007652783198499211)	(89.0, 0.0008180561350119845)	(90.0, 0.0008972228577550798)	(91.0, 0.0008972228577550798)	(92.0, 0.0006333337819447622)	(93.0, 0.0006333337819447622)	(94.0, 0.0010291673956602386)	(95.0, 0.0014513899169567466)	(96.0, 0.0024013905898738904)	(97.0, 0.0039055583219927002)	(98.0, 0.0055416705920166695)	(99.0, 0.017495845726224056)	(100.0, 0.07507644206803535)
DRR898438_1_paired	(0.0, 0.0)	(1.0, 0.0)	(2.0, 0.0)	(3.0, 0.0)	(4.0, 0.0)	(5.0, 0.0)	(6.0, 0.0)	(7.0, 0.0)	(8.0, 0.0)	(9.0, 0.0)	(10.0, 0.0)	(11.0, 0.0)	(12.0, 0.0)	(13.0, 0.0)	(14.0, 2.0439790712894932e-05)	(15.0, 2.0439790712894932e-05)	(16.0, 4.0879581425789865e-05)	(17.0, 0.00018395811641605438)	(18.0, 0.00042923560497079355)	(19.0, 0.0005723141399610581)	(20.0, 0.000940230372793167)	(21.0, 0.0019417801177250187)	(22.0, 0.003331685886201874)	(23.0, 0.005334785376065578)	(24.0, 0.00923878540222851)	(25.0, 0.014450932034016718)	(26.0, 0.02180925669065889)	(27.0, 0.03135463895358083)	(28.0, 0.0435571940091791)	(29.0, 0.060092984695911095)	(30.0, 0.08288335134078895)	(31.0, 0.10730890124269839)	(32.0, 0.13455514226298734)	(33.0, 0.1673610063571837)	(34.0, 0.20188381287126322)	(35.0, 0.2448073733683426)	(36.0, 0.296479164290541)	(37.0, 0.35131912277323807)	(38.0, 0.408530096978631)	(39.0, 0.47536821260979745)	(40.0, 0.5431669984044699)	(41.0, 0.6257846324659913)	(42.0, 0.7310086750559744)	(43.0, 0.8557935973581979)	(44.0, 1.0112586455204768)	(45.0, 1.1759829188756972)	(46.0, 1.3599614750824642)	(47.0, 1.5795870262925202)	(48.0, 1.8335718656909528)	(49.0, 2.132156328424922)	(50.0, 2.4474401001713266)	(51.0, 2.783695097189161)	(52.0, 3.1970285449853226)	(53.0, 3.6575983491189836)	(54.0, 4.100181137425298)	(55.0, 4.530500051303875)	(56.0, 4.899458713462341)	(57.0, 5.208140432808481)	(58.0, 5.425517607040118)	(59.0, 5.505682466216092)	(60.0, 5.488799199087241)	(61.0, 5.38083622454173)	(62.0, 5.146616662762667)	(63.0, 4.797545916967847)	(64.0, 4.364181474273049)	(65.0, 3.867923795554672)	(66.0, 3.343868001466759)	(67.0, 2.8218561864501357)	(68.0, 2.313518591420439)	(69.0, 1.836862671995729)	(70.0, 1.3864105642649505)	(71.0, 0.9905531375283142)	(72.0, 0.7112842770180308)	(73.0, 0.487897804316802)	(74.0, 0.31604004400278146)	(75.0, 0.1997580746371222)	(76.0, 0.11904134111190008)	(77.0, 0.06890253449316881)	(78.0, 0.04069562330937381)	(79.0, 0.022606408528461797)	(80.0, 0.011548481752785637)	(81.0, 0.007174366540226121)	(82.0, 0.0038018010725984577)	(83.0, 0.0016147434663186997)	(84.0, 0.0007767120470900075)	(85.0, 0.0005109947678223734)	(86.0, 0.0003270366514063189)	(87.0, 0.00018395811641605438)	(88.0, 0.00014307853499026453)	(89.0, 0.00016351832570315946)	(90.0, 0.0002043979071289493)	(91.0, 0.0002452774885547392)	(92.0, 0.0002452774885547392)	(93.0, 0.0002043979071289493)	(94.0, 0.00016351832570315946)	(95.0, 8.175916285157973e-05)	(96.0, 0.0)	(97.0, 0.0)	(98.0, 2.0439790712894932e-05)	(99.0, 4.0879581425789865e-05)	(100.0, 2.0439790712894932e-05)
DRR898438_2_paired	(0.0, 0.0)	(1.0, 0.0)	(2.0, 0.0)	(3.0, 0.0)	(4.0, 0.0)	(5.0, 0.0)	(6.0, 0.0)	(7.0, 0.0)	(8.0, 0.0)	(9.0, 0.0)	(10.0, 2.0430720448495176e-05)	(11.0, 4.086144089699035e-05)	(12.0, 2.0430720448495176e-05)	(13.0, 0.0)	(14.0, 4.086144089699035e-05)	(15.0, 8.17228817939807e-05)	(16.0, 4.086144089699035e-05)	(17.0, 0.00014301504313946623)	(18.0, 0.0003881836885214083)	(19.0, 0.0005516294521093697)	(20.0, 0.0011032589042187394)	(21.0, 0.0024108250129224306)	(22.0, 0.003943129046559569)	(23.0, 0.006313092618585009)	(24.0, 0.009868037976623169)	(25.0, 0.014914425927401479)	(26.0, 0.02122751854598649)	(27.0, 0.03062564995229427)	(28.0, 0.045376630116107784)	(29.0, 0.05859530624628416)	(30.0, 0.07896473453343385)	(31.0, 0.105871993364102)	(32.0, 0.13318786660374005)	(33.0, 0.16802224496842433)	(34.0, 0.2066567373365287)	(35.0, 0.2492752201920896)	(36.0, 0.29910574736596934)	(37.0, 0.3495696268737524)	(38.0, 0.4023421777922155)	(39.0, 0.4689463264543098)	(40.0, 0.5410259081966008)	(41.0, 0.6231165429586544)	(42.0, 0.7342392314780196)	(43.0, 0.8655270410800495)	(44.0, 1.01514120692438)	(45.0, 1.159974584183762)	(46.0, 1.3321238346827824)	(47.0, 1.5586188015748)	(48.0, 1.8223385411239756)	(49.0, 2.115212918753154)	(50.0, 2.4329310524477026)	(51.0, 2.7911428740711686)	(52.0, 3.1903591516347642)	(53.0, 3.634114399776079)	(54.0, 4.0770932805403515)	(55.0, 4.5039114614298645)	(56.0, 4.865555644088677)	(57.0, 5.146089866566965)	(58.0, 5.3596930488559815)	(59.0, 5.465830641585915)	(60.0, 5.463644554497925)	(61.0, 5.344308716358265)	(62.0, 5.0965249387589155)	(63.0, 4.7749045374587045)	(64.0, 4.376852810960672)	(65.0, 3.8718462629147696)	(66.0, 3.342261558169326)	(67.0, 2.8221771384324326)	(68.0, 2.3072208295281116)	(69.0, 1.8226245712102545)	(70.0, 1.3785015701008665)	(71.0, 0.9945879021531936)	(72.0, 0.7057588071728172)	(73.0, 0.4908889202159936)	(74.0, 0.3229075366884662)	(75.0, 0.20675889093877117)	(76.0, 0.1257715150809363)	(77.0, 0.071997858860497)	(78.0, 0.043905618243816134)	(79.0, 0.025722277044655423)	(80.0, 0.014321935034395118)	(81.0, 0.009765884374380694)	(82.0, 0.006742137748003408)	(83.0, 0.004474327778220443)	(84.0, 0.0031463309490682573)	(85.0, 0.0023699635720254406)	(86.0, 0.001634457635879614)	(87.0, 0.001511873313188643)	(88.0, 0.0018183341199160706)	(89.0, 0.0018387648403645658)	(90.0, 0.00177747267901908)	(91.0, 0.002124794926643498)	(92.0, 0.0024925478947164115)	(93.0, 0.0024925478947164115)	(94.0, 0.002839870142340829)	(95.0, 0.003820544723868598)	(96.0, 0.006578691984415447)	(97.0, 0.012483170194030552)	(98.0, 0.019041431457997502)	(99.0, 0.07745286122024521)	(100.0, 0.3404166641128266)
