Sample	0	1	2	3	4	5	6	7	8	9	10	11	12	13	14	15
DRR898355_1_paired	(1.0, 47.589793191172134)	(2.0, 25.464581154876598)	(3.0, 12.732004771196138)	(4.0, 6.282768156100765)	(5.0, 3.0912936615967013)	(6.0, 1.514431385828569)	(7.0, 0.8718040575525218)	(8.0, 0.5350816074848463)	(9.0, 0.3542031542825554)	('>10', 1.5576799771547074)	('>50', 0.0015987115509588264)	('>100', 0.004760171203549186)	('>500', 0.0)	('>1k', 0.0)	('>5k', 0.0)	('>10k+', 0.0)
DRR898355_2_paired	(1.0, 48.55176295522937)	(2.0, 25.20341772458024)	(3.0, 12.362361684630422)	(4.0, 5.8832543706823754)	(5.0, 2.8807907876835275)	(6.0, 1.4197555100266919)	(7.0, 0.7827458965495828)	(8.0, 0.5217739469262336)	(9.0, 0.3321501051164386)	('>10', 1.4610284991525577)	('>50', 0.006904886765411374)	('>100', 0.060589833129144816)	('>500', 0.0)	('>1k', 0.0)	('>5k', 0.0)	('>10k+', 0.5334637995279786)
DRR898359_1_paired	(1.0, 70.51396753786716)	(2.0, 20.584181456114887)	(3.0, 5.853815325547637)	(4.0, 1.8521445749595684)	(5.0, 0.6013883402638679)	(6.0, 0.26001018780380775)	(7.0, 0.1336871356278575)	(8.0, 0.07585803740705392)	(9.0, 0.04107253490033031)	('>10', 0.07993498236567494)	('>50', 0.003939887142153134)	('>100', 0.0)	('>500', 0.0)	('>1k', 0.0)	('>5k', 0.0)	('>10k+', 0.0)
DRR898359_2_paired	(1.0, 70.56326735038193)	(2.0, 20.4230478967944)	(3.0, 5.750483804807671)	(4.0, 1.7434939264969782)	(5.0, 0.6661087034598511)	(6.0, 0.2197722429120834)	(7.0, 0.1357374716198533)	(8.0, 0.0607786253854402)	(9.0, 0.03584843173428065)	('>10', 0.07705175734973306)	('>50', 0.013480952606938565)	('>100', 0.0)	('>500', 0.0)	('>1k', 0.31092883645083325)	('>5k', 0.0)	('>10k+', 0.0)
DRR898360_1_paired	(1.0, 57.85930386559339)	(2.0, 24.27225218328894)	(3.0, 9.451068764948527)	(4.0, 3.9052997517952255)	(5.0, 1.7131127107158708)	(6.0, 0.8619590109968239)	(7.0, 0.4224176958687224)	(8.0, 0.32628340834696523)	(9.0, 0.21211848771024658)	('>10', 0.9725239438535909)	('>50', 0.0)	('>100', 0.003660176881682815)	('>500', 0.0)	('>1k', 0.0)	('>5k', 0.0)	('>10k+', 0.0)
DRR898360_2_paired	(1.0, 58.93667282828774)	(2.0, 23.36342370588739)	(3.0, 9.163083118801937)	(4.0, 3.6399280091754664)	(5.0, 1.6263970216455375)	(6.0, 0.7763014667497845)	(7.0, 0.4289139198409027)	(8.0, 0.283752344537432)	(9.0, 0.22225989035727775)	('>10', 0.9374359215354551)	('>50', 0.016876271254560548)	('>100', 0.06291622607101277)	('>500', 0.0)	('>1k', 0.0)	('>5k', 0.0)	('>10k+', 0.5420392758555171)
DRR898362_1_paired	(1.0, 69.54041399247282)	(2.0, 20.09297330910255)	(3.0, 6.265636021322529)	(4.0, 2.170295824114697)	(5.0, 0.8987531807297632)	(6.0, 0.4161817842263441)	(7.0, 0.20442839533751808)	(8.0, 0.11268947845641758)	(9.0, 0.0757139520433273)	('>10', 0.2229140621940216)	('>50', 0.0)	('>100', 0.0)	('>500', 0.0)	('>1k', 0.0)	('>5k', 0.0)	('>10k+', 0.0)
DRR898362_2_paired	(1.0, 71.43077192524287)	(2.0, 19.14004954488767)	(3.0, 5.782019734945333)	(4.0, 1.9378775491023075)	(5.0, 0.8110147066911275)	(6.0, 0.33336803345851723)	(7.0, 0.1938188013277227)	(8.0, 0.12375395412133262)	(9.0, 0.059321576889846794)	('>10', 0.18800417333330183)	('>50', 0.0)	('>100', 0.0)	('>500', 0.0)	('>1k', 0.0)	('>5k', 0.0)	('>10k+', 0.0)
DRR898363_1_paired	(1.0, 67.03674406841941)	(2.0, 23.076899285129855)	(3.0, 6.910377409179658)	(4.0, 1.9722349988220498)	(5.0, 0.5741586163973094)	(6.0, 0.21284644649071743)	(7.0, 0.07387864941431095)	(8.0, 0.05024286458388542)	(9.0, 0.036104934750164235)	('>10', 0.05651272681265186)	('>50', 0.0)	('>100', 0.0)	('>500', 0.0)	('>1k', 0.0)	('>5k', 0.0)	('>10k+', 0.0)
DRR898363_2_paired	(1.0, 67.09007450020574)	(2.0, 23.243490057454917)	(3.0, 6.720290855618813)	(4.0, 1.8270173488081571)	(5.0, 0.5596104720356985)	(6.0, 0.1874283804164148)	(7.0, 0.08051909899036509)	(8.0, 0.04449326682739562)	(9.0, 0.03491004530463962)	('>10', 0.08599226217628311)	('>50', 0.0034911323176130033)	('>100', 0.0)	('>500', 0.0)	('>1k', 0.12268257984396035)	('>5k', 0.0)	('>10k+', 0.0)
DRR898364_1_paired	(1.0, 64.24016710071837)	(2.0, 24.349093254900417)	(3.0, 7.77788993871196)	(4.0, 2.3553616266535435)	(5.0, 0.730923965767243)	(6.0, 0.2527666798354108)	(7.0, 0.12038048437021363)	(8.0, 0.057334412185320316)	(9.0, 0.044624705291904)	('>10', 0.06902411707107352)	('>50', 0.0024337144945303533)	('>100', 0.0)	('>500', 0.0)	('>1k', 0.0)	('>5k', 0.0)	('>10k+', 0.0)
DRR898364_2_paired	(1.0, 64.33182301225484)	(2.0, 24.328155074849892)	(3.0, 7.644683182478991)	(4.0, 2.2962582667944202)	(5.0, 0.7024467397624027)	(6.0, 0.2579139751481762)	(7.0, 0.1202548413578878)	(8.0, 0.07187600762260453)	(9.0, 0.03772207821315204)	('>10', 0.08112122452336042)	('>50', 0.0)	('>100', 0.004053328109595707)	('>500', 0.0)	('>1k', 0.12369226888466352)	('>5k', 0.0)	('>10k+', 0.0)
DRR898365_1_paired	(1.0, 66.8074117199691)	(2.0, 23.389555723871176)	(3.0, 6.954417517805883)	(4.0, 1.8658181231050472)	(5.0, 0.57048263893251)	(6.0, 0.18961556333971502)	(7.0, 0.08944077099595092)	(8.0, 0.05587236697948781)	(9.0, 0.017441568807181913)	('>10', 0.05994400619394741)	('>50', 0.0)	('>100', 0.0)	('>500', 0.0)	('>1k', 0.0)	('>5k', 0.0)	('>10k+', 0.0)
DRR898365_2_paired	(1.0, 67.323684101902)	(2.0, 22.990269697823997)	(3.0, 6.713963489637215)	(4.0, 1.888600909326503)	(5.0, 0.5507338462464153)	(6.0, 0.17852466180557683)	(7.0, 0.09384555850486831)	(8.0, 0.05697258755077672)	(9.0, 0.0360210939142608)	('>10', 0.07564134890039173)	('>50', 0.0)	('>100', 0.004514579477793916)	('>500', 0.0)	('>1k', 0.08722812491023245)	('>5k', 0.0)	('>10k+', 0.0)
DRR898366_1_paired	(1.0, 65.60388740088693)	(2.0, 23.884277454165233)	(3.0, 7.241466373838419)	(4.0, 2.1171852049256836)	(5.0, 0.655879804297766)	(6.0, 0.20937251211169003)	(7.0, 0.11668264170526682)	(8.0, 0.05208554688515907)	(9.0, 0.04268227434752007)	('>10', 0.07648078683631268)	('>50', 0.0)	('>100', 0.0)	('>500', 0.0)	('>1k', 0.0)	('>5k', 0.0)	('>10k+', 0.0)
DRR898366_2_paired	(1.0, 65.94365004166671)	(2.0, 23.53562571769391)	(3.0, 7.253921303143112)	(4.0, 2.0315707978675395)	(5.0, 0.6446789177109822)	(6.0, 0.19940897431045676)	(7.0, 0.11215693296054056)	(8.0, 0.05544414818919384)	(9.0, 0.03227872420537957)	('>10', 0.0906587702349501)	('>50', 0.0037997497507490626)	('>100', 0.0)	('>500', 0.0)	('>1k', 0.09680592226646509)	('>5k', 0.0)	('>10k+', 0.0)
DRR898368_1_paired	(1.0, 69.91305204384442)	(2.0, 21.8794801693625)	(3.0, 6.0152418324140235)	(4.0, 1.4695281370455309)	(5.0, 0.40047101694528564)	(6.0, 0.14966317253962733)	(7.0, 0.06807671370004816)	(8.0, 0.04376530214604317)	(9.0, 0.012122953190144557)	('>10', 0.04859865881237527)	('>50', 0.0)	('>100', 0.0)	('>500', 0.0)	('>1k', 0.0)	('>5k', 0.0)	('>10k+', 0.0)
DRR898368_2_paired	(1.0, 70.02181036644228)	(2.0, 21.79753152869735)	(3.0, 5.861644628362123)	(4.0, 1.5007765072349122)	(5.0, 0.4156157948278317)	(6.0, 0.14734172591704753)	(7.0, 0.0749665111969703)	(8.0, 0.03901803734738949)	(9.0, 0.025448757169827294)	('>10', 0.04184642246670503)	('>50', 0.00416083935771762)	('>100', 0.0)	('>500', 0.0)	('>1k', 0.0698388809798366)	('>5k', 0.0)	('>10k+', 0.0)
DRR898372_1_paired	(1.0, 71.16235149346085)	(2.0, 21.31054936055041)	(3.0, 5.529270712440842)	(4.0, 1.3457255371478345)	(5.0, 0.3819837366203396)	(6.0, 0.12654003402423994)	(7.0, 0.05796509189561616)	(8.0, 0.03805619694256576)	(9.0, 0.018295238420661785)	('>10', 0.029262598496637558)	('>50', 0.0)	('>100', 0.0)	('>500', 0.0)	('>1k', 0.0)	('>5k', 0.0)	('>10k+', 0.0)
DRR898372_2_paired	(1.0, 71.35092656529186)	(2.0, 21.121668674944193)	(3.0, 5.4881534897472095)	(4.0, 1.3285657909033144)	(5.0, 0.32668580360579264)	(6.0, 0.13208813553768295)	(7.0, 0.05444673261076032)	(8.0, 0.04397074215871652)	(9.0, 0.018282423737892697)	('>10', 0.037005016820575484)	('>50', 0.0038714372479946757)	('>100', 0.0)	('>500', 0.0)	('>1k', 0.09433518739402423)	('>5k', 0.0)	('>10k+', 0.0)
DRR898376_1_paired	(1.0, 73.70952461795778)	(2.0, 18.12641559408621)	(3.0, 4.707087358862869)	(4.0, 1.61049078273547)	(5.0, 0.5484866719612773)	(6.0, 0.35711368704237384)	(7.0, 0.24613613219899105)	(8.0, 0.15548591743234969)	(9.0, 0.11347517662453864)	('>10', 0.4257840610981192)	('>50', 0.0)	('>100', 0.0)	('>500', 0.0)	('>1k', 0.0)	('>5k', 0.0)	('>10k+', 0.0)
DRR898376_2_paired	(1.0, 72.88947131525033)	(2.0, 18.64134459321759)	(3.0, 4.851962406986381)	(4.0, 1.503330856131529)	(5.0, 0.6025461878275028)	(6.0, 0.3492346819920293)	(7.0, 0.23687604581228713)	(8.0, 0.16325277454672923)	(9.0, 0.11472899663838884)	('>10', 0.4779234368103109)	('>50', 0.0)	('>100', 0.0)	('>500', 0.0)	('>1k', 0.16932870478694714)	('>5k', 0.0)	('>10k+', 0.0)
DRR898377_1_paired	(1.0, 70.02097133145165)	(2.0, 20.576607521585196)	(3.0, 5.868899418840787)	(4.0, 1.8277489010321262)	(5.0, 0.6501678498568705)	(6.0, 0.3263688853805244)	(7.0, 0.22177464421718712)	(8.0, 0.12309039151806218)	(9.0, 0.0866965598705138)	('>10', 0.29767449624710796)	('>50', 0.0)	('>100', 0.0)	('>500', 0.0)	('>1k', 0.0)	('>5k', 0.0)	('>10k+', 0.0)
DRR898377_2_paired	(1.0, 69.54585392484928)	(2.0, 20.824156947418114)	(3.0, 5.982580505209175)	(4.0, 1.7663340251822388)	(5.0, 0.6137972624642614)	(6.0, 0.3447630922105364)	(7.0, 0.17863870758461292)	(8.0, 0.11912948676400363)	(9.0, 0.11414693452420947)	('>10', 0.3168793699978096)	('>50', 0.0)	('>100', 0.0)	('>500', 0.0)	('>1k', 0.19371974379575246)	('>5k', 0.0)	('>10k+', 0.0)
DRR898379_1_paired	(1.0, 57.766357373573605)	(2.0, 25.331748327879517)	(3.0, 10.078203452783164)	(4.0, 3.8769985538481)	(5.0, 1.4833723152879368)	(6.0, 0.6568254833636604)	(7.0, 0.29759251589163893)	(8.0, 0.16033503710536878)	(9.0, 0.09026370035553656)	('>10', 0.2516534109081007)	('>50', 0.002534303151481915)	('>100', 0.004115525851884479)	('>500', 0.0)	('>1k', 0.0)	('>5k', 0.0)	('>10k+', 0.0)
DRR898379_2_paired	(1.0, 57.9279723346923)	(2.0, 24.905101460244254)	(3.0, 10.063961637130692)	(4.0, 3.9423091206494814)	(5.0, 1.4755549781318316)	(6.0, 0.5587165706947106)	(7.0, 0.2479529156592756)	(8.0, 0.12253525333609358)	(9.0, 0.08215660645124712)	('>10', 0.23794350924384017)	('>50', 0.02558345999879327)	('>100', 0.018894330814026694)	('>500', 0.0)	('>1k', 0.0)	('>5k', 0.0)	('>10k+', 0.3913178229534701)
DRR898407_1_paired	(1.0, 71.92736412145577)	(2.0, 19.987139353580517)	(3.0, 5.4247919603709045)	(4.0, 1.4527208899525936)	(5.0, 0.5047888370080282)	(6.0, 0.2100042241312922)	(7.0, 0.1382256146184843)	(8.0, 0.09970178295912543)	(9.0, 0.08006017422370229)	('>10', 0.17520304169957357)	('>50', 0.0)	('>100', 0.0)	('>500', 0.0)	('>1k', 0.0)	('>5k', 0.0)	('>10k+', 0.0)
DRR898407_2_paired	(1.0, 71.22725888440206)	(2.0, 20.372040638201348)	(3.0, 5.47312385642279)	(4.0, 1.5548146896254462)	(5.0, 0.4883414919465365)	(6.0, 0.22111517630253164)	(7.0, 0.14036855102508458)	(8.0, 0.08619908340262947)	(9.0, 0.05871158958268174)	('>10', 0.20508578991698306)	('>50', 0.0)	('>100', 0.0)	('>500', 0.0)	('>1k', 0.17294024917192888)	('>5k', 0.0)	('>10k+', 0.0)
DRR898409_1_paired	(1.0, 64.57456024625895)	(2.0, 20.560659818153322)	(3.0, 7.5164418649370734)	(4.0, 3.191268847103104)	(5.0, 1.522353529383473)	(6.0, 0.8148050512447389)	(7.0, 0.5186134321535943)	(8.0, 0.3218659707624521)	(9.0, 0.2565746169696822)	('>10', 0.7228566230335716)	('>50', 0.0)	('>100', 0.0)	('>500', 0.0)	('>1k', 0.0)	('>5k', 0.0)	('>10k+', 0.0)
DRR898409_2_paired	(1.0, 64.25993465719215)	(2.0, 20.800769268090004)	(3.0, 7.442685808974317)	(4.0, 3.201565940823047)	(5.0, 1.5474684552021385)	(6.0, 0.8109558972279327)	(7.0, 0.4845386596463481)	(8.0, 0.2978873202126424)	(9.0, 0.23694748090556722)	('>10', 0.6877139634350701)	('>50', 0.0)	('>100', 0.0)	('>500', 0.0)	('>1k', 0.2295325482907625)	('>5k', 0.0)	('>10k+', 0.0)
DRR898410_1_paired	(1.0, 52.316316512857995)	(2.0, 24.60357845112979)	(3.0, 11.374464496324412)	(4.0, 5.231079868838313)	(5.0, 2.5794456901125162)	(6.0, 1.2859060823075144)	(7.0, 0.7814054550121123)	(8.0, 0.526407319186345)	(9.0, 0.3325277950803966)	('>10', 0.9554938170622491)	('>50', 0.0)	('>100', 0.013374512088338057)	('>500', 0.0)	('>1k', 0.0)	('>5k', 0.0)	('>10k+', 0.0)
DRR898410_2_paired	(1.0, 53.19727029713719)	(2.0, 24.09023146631176)	(3.0, 10.893790229510444)	(4.0, 5.0661156788092025)	(5.0, 2.4414342493378545)	(6.0, 1.3011161895567385)	(7.0, 0.6592531071775236)	(8.0, 0.41805292995843396)	(9.0, 0.3089569695016979)	('>10', 1.0081065465953065)	('>50', 0.014366373297420156)	('>100', 0.05448796513209926)	('>500', 0.0)	('>1k', 0.0)	('>5k', 0.0)	('>10k+', 0.5468179976743269)
DRR898411_1_paired	(1.0, 72.39100495850946)	(2.0, 19.517536388247724)	(3.0, 5.346980193737506)	(4.0, 1.5986745443537873)	(5.0, 0.5773980666802124)	(6.0, 0.24508772701272588)	(7.0, 0.1269196868963735)	(8.0, 0.061025083543985545)	(9.0, 0.03278173432321822)	('>10', 0.10259161669503233)	('>50', 0.0)	('>100', 0.0)	('>500', 0.0)	('>1k', 0.0)	('>5k', 0.0)	('>10k+', 0.0)
DRR898411_2_paired	(1.0, 74.14840457977145)	(2.0, 18.419178366903893)	(3.0, 4.990550935022442)	(4.0, 1.467763497283118)	(5.0, 0.4800145466985932)	(6.0, 0.21680856796681686)	(7.0, 0.10660499419398353)	(8.0, 0.0680590018413601)	(9.0, 0.020835500940738914)	('>10', 0.08178000937760381)	('>50', 0.0)	('>100', 0.0)	('>500', 0.0)	('>1k', 0.0)	('>5k', 0.0)	('>10k+', 0.0)
DRR898421_1_paired	(1.0, 67.68201071832225)	(2.0, 20.51593736402415)	(3.0, 6.737468147220853)	(4.0, 2.47867822441146)	(5.0, 1.083773602474327)	(6.0, 0.5560543073482878)	(7.0, 0.32545785414232353)	(8.0, 0.20379079038189502)	(9.0, 0.13424038363278004)	('>10', 0.282588608041686)	('>50', 0.0)	('>100', 0.0)	('>500', 0.0)	('>1k', 0.0)	('>5k', 0.0)	('>10k+', 0.0)
DRR898421_2_paired	(1.0, 67.90037014357442)	(2.0, 20.302171714518874)	(3.0, 6.630914178889244)	(4.0, 2.4330571801873075)	(5.0, 1.0792831509555925)	(6.0, 0.5803953119470078)	(7.0, 0.3157909465600228)	(8.0, 0.18561541089962172)	(9.0, 0.11564795466346219)	('>10', 0.3344140363308971)	('>50', 0.0)	('>100', 0.0)	('>500', 0.0)	('>1k', 0.122339971473551)	('>5k', 0.0)	('>10k+', 0.0)
DRR898438_1_paired	(1.0, 60.222804665448784)	(2.0, 23.16635454336214)	(3.0, 9.22357995313011)	(4.0, 3.7000392123773143)	(5.0, 1.580286734526554)	(6.0, 0.6997572868753911)	(7.0, 0.4214362470406323)	(8.0, 0.24577865227620593)	(9.0, 0.16667129853236798)	('>10', 0.5732914064305299)	('>50', 0.0)	('>100', 0.0)	('>500', 0.0)	('>1k', 0.0)	('>5k', 0.0)	('>10k+', 0.0)
DRR898438_2_paired	(1.0, 60.06668720905415)	(2.0, 23.08872831136255)	(3.0, 8.954335277471815)	(4.0, 3.67168633924368)	(5.0, 1.4593678352725314)	(6.0, 0.7077530307021767)	(7.0, 0.3610603822964539)	(8.0, 0.2210948947386587)	(9.0, 0.18838892120241765)	('>10', 0.5891924569959223)	('>50', 0.05162185555754072)	('>100', 0.018035446338031228)	('>500', 0.0)	('>1k', 0.0)	('>5k', 0.0)	('>10k+', 0.6220480397640632)
